sample_id,frame_idx,pose_idx,time_sec,original_fps,target_fps,kp_0_x,kp_0_y,kp_0_z,kp_0_visibility,kp_1_x,kp_1_y,kp_1_z,kp_1_visibility,kp_2_x,kp_2_y,kp_2_z,kp_2_visibility,kp_3_x,kp_3_y,kp_3_z,kp_3_visibility,kp_4_x,kp_4_y,kp_4_z,kp_4_visibility,kp_5_x,kp_5_y,kp_5_z,kp_5_visibility,kp_6_x,kp_6_y,kp_6_z,kp_6_visibility,kp_7_x,kp_7_y,kp_7_z,kp_7_visibility,kp_8_x,kp_8_y,kp_8_z,kp_8_visibility,kp_9_x,kp_9_y,kp_9_z,kp_9_visibility,kp_10_x,kp_10_y,kp_10_z,kp_10_visibility,kp_11_x,kp_11_y,kp_11_z,kp_11_visibility,kp_12_x,kp_12_y,kp_12_z,kp_12_visibility,kp_13_x,kp_13_y,kp_13_z,kp_13_visibility,kp_14_x,kp_14_y,kp_14_z,kp_14_visibility,kp_15_x,kp_15_y,kp_15_z,kp_15_visibility,kp_16_x,kp_16_y,kp_16_z,kp_16_visibility,kp_17_x,kp_17_y,kp_17_z,kp_17_visibility,kp_18_x,kp_18_y,kp_18_z,kp_18_visibility,kp_19_x,kp_19_y,kp_19_z,kp_19_visibility,kp_20_x,kp_20_y,kp_20_z,kp_20_visibility,kp_21_x,kp_21_y,kp_21_z,kp_21_visibility,kp_22_x,kp_22_y,kp_22_z,kp_22_visibility,kp_23_x,kp_23_y,kp_23_z,kp_23_visibility,kp_24_x,kp_24_y,kp_24_z,kp_24_visibility,kp_25_x,kp_25_y,kp_25_z,kp_25_visibility,kp_26_x,kp_26_y,kp_26_z,kp_26_visibility,kp_27_x,kp_27_y,kp_27_z,kp_27_visibility,kp_28_x,kp_28_y,kp_28_z,kp_28_visibility,kp_29_x,kp_29_y,kp_29_z,kp_29_visibility,kp_30_x,kp_30_y,kp_30_z,kp_30_visibility,kp_31_x,kp_31_y,kp_31_z,kp_31_visibility,kp_32_x,kp_32_y,kp_32_z,kp_32_visibility
yena_sit_to_stand_normal_02,0,0,0.0,29.99622213826974,10,0.4828251600265503,0.2545606791973114,-0.09646569192409515,0.9998028874397278,0.4884285032749176,0.2443547248840332,-0.08262323588132858,0.9996424913406372,0.4911857843399048,0.24480274319648743,-0.08265574276447296,0.9996201992034912,0.4934799373149872,0.24542024731636047,-0.08269207924604416,0.999599039554596,0.478103905916214,0.24316728115081787,-0.08117517083883286,0.9995085000991821,0.4745236933231354,0.24333421885967255,-0.08117189258337021,0.9994210004806519,0.47158145904541016,0.2441330850124359,-0.08115646988153458,0.9994053840637207,0.4988458752632141,0.2544867694377899,0.00596268055960536,0.9996005892753601,0.4672403633594513,0.25249022245407104,0.012384452857077122,0.9992508292198181,0.4890018403530121,0.2746405005455017,-0.06179776415228844,0.9997538924217224,0.47619637846946716,0.27355995774269104,-0.0601629875600338,0.9997246861457825,0.5175251364707947,0.33831679821014404,0.0375572107732296,0.9997828602790833,0.4457269012928009,0.3437430262565613,0.05185607448220253,0.9994346499443054,0.5234320163726807,0.44101160764694214,-0.041982270777225494,0.9820201992988586,0.43513917922973633,0.4440341293811798,-0.03737596049904823,0.9566077589988708,0.48707473278045654,0.36448317766189575,-0.13486458361148834,0.9881433844566345,0.4696296453475952,0.37627309560775757,-0.16822026669979095,0.956798791885376,0.47649526596069336,0.34129515290260315,-0.1628059595823288,0.969496488571167,0.4739052951335907,0.3556625545024872,-0.19924940168857574,0.9040336012840271,0.4776246249675751,0.32687458395957947,-0.15375877916812897,0.9671507477760315,0.4720797538757324,0.3403068780899048,-0.19134703278541565,0.8934253454208374,0.4803076684474945,0.33407750725746155,-0.13281160593032837,0.9543614387512207,0.47140705585479736,0.3492964506149292,-0.1684606969356537,0.8659700751304626,0.5056363344192505,0.5778244137763977,0.003927445039153099,0.9996161460876465,0.45465031266212463,0.5767306089401245,-0.0038455480244010687,0.9994801878929138,0.5038127899169922,0.7425297498703003,-0.0075217015109956264,0.9768496155738831,0.45723915100097656,0.7409428954124451,-0.004797763656824827,0.9757007956504822,0.503455400466919,0.8862234354019165,0.18335026502609253,0.9382247924804688,0.45620235800743103,0.8842378854751587,0.1640685498714447,0.950746476650238,0.4984472393989563,0.899894654750824,0.1978374868631363,0.6902272701263428,0.4596491754055023,0.8947636485099792,0.1760832667350769,0.6592970490455627,0.5053380727767944,0.927402138710022,0.09676145762205124,0.9048565030097961,0.4554149806499481,0.9360947608947754,0.06967950612306595,0.9162785410881042
yena_sit_to_stand_normal_02,3,1,0.10001259445843828,29.99622213826974,10,0.4828081429004669,0.2548421025276184,-0.12349721044301987,0.9997960925102234,0.4884284436702728,0.2440495789051056,-0.1105516105890274,0.9996225237846375,0.4911847412586212,0.24460762739181519,-0.11057993769645691,0.9995977282524109,0.49347007274627686,0.24531523883342743,-0.11060361564159393,0.9995753765106201,0.47806140780448914,0.24276071786880493,-0.10932043194770813,0.9994882941246033,0.4744674861431122,0.242869034409523,-0.1093108132481575,0.9993988871574402,0.4714837074279785,0.24343357980251312,-0.10931424051523209,0.999387264251709,0.4988350570201874,0.25444844365119934,-0.020331233739852905,0.9995585083961487,0.4670569598674774,0.25214213132858276,-0.014707970432937145,0.9992159008979797,0.4889054000377655,0.2749752104282379,-0.08780255913734436,0.9997381567955017,0.47607919573783875,0.2740257680416107,-0.08643284440040588,0.9997130036354065,0.517626941204071,0.33829209208488464,0.01736627332866192,0.9997649192810059,0.44565850496292114,0.3425670266151428,0.026386626064777374,0.999435544013977,0.5239062905311584,0.4395999610424042,-0.06483767926692963,0.9812499284744263,0.4340663254261017,0.4420040249824524,-0.06301409751176834,0.957744836807251,0.4867647886276245,0.3642255663871765,-0.17641492187976837,0.9875048995018005,0.47015151381492615,0.3713395893573761,-0.19409093260765076,0.9572845101356506,0.47647345066070557,0.3412209451198578,-0.20659039914608002,0.9682521224021912,0.47511669993400574,0.3510766327381134,-0.22644585371017456,0.9048318862915039,0.4776151776313782,0.3264702260494232,-0.19903291761875153,0.965846061706543,0.4733075201511383,0.33484047651290894,-0.21695701777935028,0.8942880034446716,0.4803043305873871,0.33406415581703186,-0.1755151003599167,0.9525611400604248,0.47251561284065247,0.34475499391555786,-0.19353945553302765,0.8665897846221924,0.5056771636009216,0.57759690284729,0.0031870498787611723,0.9995915293693542,0.45461833477020264,0.5764316320419312,-0.003120709676295519,0.9994616508483887,0.5038837790489197,0.742133617401123,0.006402000319212675,0.9775097966194153,0.4571687877178192,0.7391319274902344,0.010311180725693703,0.9766052961349487,0.5047885179519653,0.881340742111206,0.18979492783546448,0.940540611743927,0.45627421140670776,0.8806310296058655,0.17740488052368164,0.9524480104446411,0.5000642538070679,0.8942573666572571,0.20335079729557037,0.6987393498420715,0.45965084433555603,0.8912355899810791,0.18958696722984314,0.6686128973960876,0.505341649055481,0.9274090528488159,0.1000819206237793,0.9083018898963928,0.4547785520553589,0.9361352920532227,0.08411674946546555,0.9192155003547668
yena_sit_to_stand_normal_02,6,2,0.20002518891687657,29.99622213826974,10,0.4822451174259186,0.2564045786857605,-0.12006497383117676,0.9997921586036682,0.4879274368286133,0.24409696459770203,-0.10681211948394775,0.9996116161346436,0.49081480503082275,0.24463176727294922,-0.10683881491422653,0.999583899974823,0.49297380447387695,0.24531646072864532,-0.1068723276257515,0.9995642304420471,0.47752147912979126,0.2427923083305359,-0.10540781170129776,0.9994754195213318,0.47394174337387085,0.2428731918334961,-0.10540030151605606,0.9993830919265747,0.47081029415130615,0.24342603981494904,-0.10539697110652924,0.9993771314620972,0.4983017146587372,0.2543809115886688,-0.01666828617453575,0.999538004398346,0.4665941894054413,0.25180622935295105,-0.010027168318629265,0.9991948008537292,0.48816922307014465,0.2755551338195801,-0.08446178585290909,0.9997304677963257,0.4756864309310913,0.27476802468299866,-0.08283171057701111,0.9997040629386902,0.5177191495895386,0.3378106951713562,0.019382046535611153,0.9997525215148926,0.4455253481864929,0.3417002260684967,0.03026449680328369,0.9994313716888428,0.524753212928772,0.43639233708381653,-0.06463109701871872,0.9808578491210938,0.43232470750808716,0.4399828314781189,-0.06120947375893593,0.958727240562439,0.48662397265434265,0.36224550008773804,-0.16864222288131714,0.9869764447212219,0.47056397795677185,0.3633146286010742,-0.1890828162431717,0.9576169848442078,0.4764731228351593,0.338918536901474,-0.1972779780626297,0.9670562744140625,0.4756493866443634,0.3416609466075897,-0.2208256721496582,0.9050675630569458,0.47762635350227356,0.32441362738609314,-0.18819768726825714,0.9645242094993591,0.47383344173431396,0.3269752860069275,-0.210615873336792,0.8944850564002991,0.4803136885166168,0.33308303356170654,-0.16692890226840973,0.9508032202720642,0.47314074635505676,0.33615100383758545,-0.18843196332454681,0.8666607737541199,0.5058804154396057,0.5767642259597778,0.0014165780739858747,0.9995808005332947,0.454673171043396,0.5751299858093262,-0.0013665471924468875,0.9994512796401978,0.5039334893226624,0.7422831654548645,0.0030900875572115183,0.9783429503440857,0.45604565739631653,0.7369827628135681,0.01261500921100378,0.9775038361549377,0.5053716897964478,0.8769984841346741,0.1939389556646347,0.9428005814552307,0.45666345953941345,0.8766555786132812,0.18409472703933716,0.9542410969734192,0.5004906058311462,0.8886507153511047,0.20845238864421844,0.7062869071960449,0.4598909318447113,0.8841938376426697,0.19684769213199615,0.6776581406593323,0.5049458742141724,0.928333580493927,0.10529483109712601,0.9117040038108826,0.45396295189857483,0.9358676075935364,0.09225092083215714,0.9223315715789795
yena_sit_to_stand_normal_02,9,3,0.30003778337531484,29.99622213826974,10,0.4821036159992218,0.25650641322135925,-0.12591300904750824,0.9997695088386536,0.48767006397247314,0.24405865371227264,-0.11221247166395187,0.999560534954071,0.4905102550983429,0.24457035958766937,-0.11224048584699631,0.999523401260376,0.4926752746105194,0.2452453076839447,-0.11227641254663467,0.9995007514953613,0.47720780968666077,0.24273893237113953,-0.11089599877595901,0.9994179606437683,0.47349226474761963,0.24278807640075684,-0.11088614910840988,0.9993166327476501,0.4703187346458435,0.24332134425640106,-0.11089298129081726,0.9993230700492859,0.4980000853538513,0.2543107271194458,-0.02056146040558815,0.9994568824768066,0.46601247787475586,0.25164005160331726,-0.013957124203443527,0.999107301235199,0.48804986476898193,0.2756911814212799,-0.08975907415151596,0.9997014999389648,0.47559306025505066,0.27481186389923096,-0.08814174681901932,0.9996764659881592,0.5180084705352783,0.33765748143196106,0.01510022021830082,0.9997263550758362,0.44479623436927795,0.3415282964706421,0.028009643778204918,0.9994210600852966,0.5255394577980042,0.4364672005176544,-0.07074043154716492,0.9791634678840637,0.4300824701786041,0.44002270698547363,-0.06406906992197037,0.9595991969108582,0.48590266704559326,0.364647775888443,-0.18453288078308105,0.9851951003074646,0.4705134630203247,0.36427727341651917,-0.1934088170528412,0.9580357074737549,0.47610124945640564,0.34255900979042053,-0.21401388943195343,0.9634389877319336,0.47562968730926514,0.34295448660850525,-0.22540980577468872,0.9052488803863525,0.4771803915500641,0.32928213477134705,-0.20456382632255554,0.9605829119682312,0.4738215208053589,0.3272996246814728,-0.2131771594285965,0.8945600986480713,0.47986823320388794,0.33766379952430725,-0.1828644722700119,0.9455966949462891,0.4731387794017792,0.3371882140636444,-0.19172529876232147,0.8662216663360596,0.5061227679252625,0.576682448387146,0.00014093474601395428,0.9995614886283875,0.4547862112522125,0.5755104422569275,-0.0001057205445249565,0.9994322657585144,0.5040550231933594,0.7417831420898438,-0.012382421642541885,0.9787076711654663,0.45607057213783264,0.7370384931564331,0.010186271741986275,0.9777530431747437,0.5057996511459351,0.8766208291053772,0.1983269900083542,0.9438850283622742,0.4566762149333954,0.876194179058075,0.19376327097415924,0.9554007053375244,0.5008493065834045,0.8883640170097351,0.21496732532978058,0.7097620368003845,0.459825724363327,0.8849250674247742,0.2081538885831833,0.6851563453674316,0.5051713585853577,0.9319858551025391,0.11083384603261948,0.9134435653686523,0.4534875452518463,0.9358654022216797,0.10207634419202805,0.9244778156280518
yena_sit_to_stand_normal_02,12,4,0.40005037783375313,29.99622213826974,10,0.4813177287578583,0.25618165731430054,-0.1514299064874649,0.999782383441925,0.4870012700557709,0.24364320933818817,-0.1377124786376953,0.9995800256729126,0.4899129271507263,0.24404670298099518,-0.13773879408836365,0.9995436668395996,0.4922620356082916,0.2445325255393982,-0.13774968683719635,0.9995190501213074,0.47630685567855835,0.24258652329444885,-0.1349785327911377,0.9994465708732605,0.4725370705127716,0.242702454328537,-0.13496892154216766,0.9993520379066467,0.469340980052948,0.24322597682476044,-0.13497711718082428,0.9993594884872437,0.497793972492218,0.2524155378341675,-0.044703032821416855,0.9994718432426453,0.4654378592967987,0.25123468041419983,-0.03207055479288101,0.999146044254303,0.48762720823287964,0.2750319838523865,-0.1149461418390274,0.9997192025184631,0.4752722978591919,0.2745071351528168,-0.11163532733917236,0.9996960759162903,0.5188225507736206,0.33770251274108887,-0.005717614199966192,0.9997372627258301,0.4432826340198517,0.341424822807312,0.023448411375284195,0.9994510412216187,0.5298722386360168,0.44045183062553406,-0.09074607491493225,0.9797689914703369,0.4259970784187317,0.44563642144203186,-0.06302864849567413,0.9617104530334473,0.4859446883201599,0.3812662661075592,-0.23082749545574188,0.985575795173645,0.46466997265815735,0.3890945017337799,-0.22204342484474182,0.9606884717941284,0.47615569829940796,0.367764949798584,-0.26287761330604553,0.9642741680145264,0.4730745851993561,0.378376305103302,-0.2573433220386505,0.9107239246368408,0.47701147198677063,0.3549279570579529,-0.25472700595855713,0.9614331126213074,0.4728328585624695,0.3635236322879791,-0.2463294416666031,0.9005773663520813,0.47973692417144775,0.35808101296424866,-0.2293199896812439,0.9463886022567749,0.47153452038764954,0.36647161841392517,-0.22091005742549896,0.8730906248092651,0.5061315298080444,0.5767752528190613,-0.004386517219245434,0.9995614886283875,0.4545643627643585,0.5759716629981995,0.004347856622189283,0.9994286894798279,0.5040283799171448,0.7420852184295654,-0.021088765934109688,0.9798152446746826,0.4559546411037445,0.7372038960456848,0.00975591130554676,0.9788990616798401,0.5056818723678589,0.8768619894981384,0.20398788154125214,0.9468569159507751,0.4570866823196411,0.8729956150054932,0.20740751922130585,0.9578811526298523,0.5003043413162231,0.888688862323761,0.2216866910457611,0.7198988795280457,0.46073219180107117,0.8812512159347534,0.2227751910686493,0.6992860436439514,0.5051659941673279,0.932733416557312,0.11417556554079056,0.9181349277496338,0.4534682631492615,0.9354990720748901,0.11550334841012955,0.9289143085479736
yena_sit_to_stand_normal_02,15,5,0.5000629722921914,29.99622213826974,10,0.4807276725769043,0.25523674488067627,-0.1900486797094345,0.9997977018356323,0.4865339398384094,0.2423219531774521,-0.17678461968898773,0.9996058344841003,0.4897422194480896,0.24262359738349915,-0.1768115907907486,0.999570906162262,0.492008775472641,0.24297641217708588,-0.17681117355823517,0.9995453357696533,0.47571393847465515,0.2417076975107193,-0.1741797924041748,0.9994840025901794,0.47225311398506165,0.2420153021812439,-0.17416857182979584,0.9993969798088074,0.4690801203250885,0.2425549030303955,-0.1741890013217926,0.9994046092033386,0.4975820481777191,0.25072556734085083,-0.08035696297883987,0.999494194984436,0.46533504128456116,0.25120919942855835,-0.06854770332574844,0.9992011189460754,0.48733359575271606,0.2742100954055786,-0.15221485495567322,0.9997405409812927,0.4749320149421692,0.2739676833152771,-0.14910545945167542,0.9997199773788452,0.5199093222618103,0.33962953090667725,-0.02834022045135498,0.999751627445221,0.4423366189002991,0.3417114317417145,-0.00486564077436924,0.9994910359382629,0.5330028533935547,0.4496534466743469,-0.10285484790802002,0.9804030656814575,0.4229564368724823,0.4493925869464874,-0.08109525591135025,0.9638875722885132,0.4915945827960968,0.40667006373405457,-0.2717597186565399,0.9858664870262146,0.4631926417350769,0.4178644120693207,-0.26207807660102844,0.9630909562110901,0.4802260100841522,0.39999306201934814,-0.3096790313720703,0.9649690985679626,0.47253671288490295,0.4097595512866974,-0.3011165261268616,0.9159031510353088,0.47887295484542847,0.3857869803905487,-0.3062772750854492,0.962247371673584,0.47283801436424255,0.3961942195892334,-0.29468223452568054,0.9063278436660767,0.4819238483905792,0.38711902499198914,-0.2726763188838959,0.9470008015632629,0.47144949436187744,0.3976116180419922,-0.2626190185546875,0.8795691728591919,0.5061388611793518,0.5766328573226929,-0.003979193512350321,0.9995412230491638,0.4537815749645233,0.5758911967277527,0.003958564717322588,0.999419629573822,0.5040286779403687,0.7422010898590088,-0.005618496797978878,0.9806352257728577,0.45590871572494507,0.7372661232948303,0.012693251483142376,0.9799959659576416,0.5056730508804321,0.8769968152046204,0.2153092920780182,0.9493668079376221,0.4569430649280548,0.8724134564399719,0.21043600142002106,0.9599388241767883,0.500636637210846,0.8887389898300171,0.23161539435386658,0.7300265431404114,0.4606213867664337,0.8807735443115234,0.22519774734973907,0.7106082439422607,0.5051838755607605,0.9319027662277222,0.11865205317735672,0.9223758578300476,0.4530967175960541,0.9338826537132263,0.11221624165773392,0.9327001571655273
yena_sit_to_stand_normal_02,18,6,0.6000755667506297,29.99622213826974,10,0.4808337986469269,0.2534838616847992,-0.2226552814245224,0.9998119473457336,0.4866792857646942,0.24046359956264496,-0.20819216966629028,0.9996316432952881,0.4898204803466797,0.24103094637393951,-0.20821985602378845,0.9995969533920288,0.4920988976955414,0.24160347878932953,-0.20823563635349274,0.9995715022087097,0.4757693111896515,0.2399257868528366,-0.20761270821094513,0.9995241165161133,0.4723235070705414,0.24024364352226257,-0.2076084464788437,0.9994450807571411,0.4691704511642456,0.24081048369407654,-0.2076241821050644,0.9994537830352783,0.4975700080394745,0.25041911005973816,-0.10654183477163315,0.9995193481445312,0.4653870761394501,0.25107115507125854,-0.10384722054004669,0.9992673397064209,0.4875262379646301,0.2727511525154114,-0.18304306268692017,0.999761164188385,0.4749611020088196,0.2724156677722931,-0.182485893368721,0.999744176864624,0.521279513835907,0.34311386942863464,-0.0426388755440712,0.9997591376304626,0.4416203796863556,0.3431168496608734,-0.0354129858314991,0.9995304942131042,0.53968346118927,0.4537043571472168,-0.09588957577943802,0.9807349443435669,0.4201383888721466,0.4492795467376709,-0.08977890759706497,0.9661450386047363,0.49599704146385193,0.4418475329875946,-0.24822348356246948,0.9841178059577942,0.46342194080352783,0.44708096981048584,-0.2576536238193512,0.9646525382995605,0.48402518033981323,0.44602349400520325,-0.2869800627231598,0.9610627293586731,0.4746665358543396,0.45260506868362427,-0.29720261693000793,0.9194202423095703,0.48146289587020874,0.428544282913208,-0.2866033613681793,0.958367109298706,0.4766245484352112,0.43657004833221436,-0.2967108190059662,0.9103635549545288,0.48432761430740356,0.4255516231060028,-0.25008612871170044,0.9414309859275818,0.4738263785839081,0.4332127273082733,-0.2597103416919708,0.8837746977806091,0.5061451196670532,0.5773811340332031,-0.003578263334929943,0.999480128288269,0.4537544846534729,0.5759109258651733,0.0035697745624929667,0.999395489692688,0.5039135813713074,0.7423151135444641,0.01338202878832817,0.9815863370895386,0.4555133283138275,0.736506462097168,0.023372985422611237,0.9812134504318237,0.5056712031364441,0.8769620060920715,0.22370608150959015,0.9520756602287292,0.4566709101200104,0.8784025311470032,0.20946712791919708,0.9623118042945862,0.5007854700088501,0.8888463973999023,0.2385559380054474,0.7422592639923096,0.4600664973258972,0.8895699977874756,0.22297798097133636,0.7239608764648438,0.504926860332489,0.9308292865753174,0.12584879994392395,0.9264090657234192,0.4523482620716095,0.9353610277175903,0.10981019586324692,0.9364729523658752
yena_sit_to_stand_normal_02,21,7,0.700088161209068,29.99622213826974,10,0.48081400990486145,0.25344976782798767,-0.20773746073246002,0.9998224973678589,0.48667845129966736,0.24041344225406647,-0.1915382593870163,0.9996453523635864,0.48981717228889465,0.2409965842962265,-0.19156745076179504,0.9996101260185242,0.49215179681777954,0.24160970747470856,-0.19156990945339203,0.9995856881141663,0.4758334755897522,0.2398352473974228,-0.19181734323501587,0.9995510578155518,0.47242289781570435,0.24010255932807922,-0.19182689487934113,0.9994795322418213,0.46938756108283997,0.24064788222312927,-0.19184572994709015,0.99949049949646,0.49757033586502075,0.2506266236305237,-0.0908089131116867,0.9995124340057373,0.46552905440330505,0.2510448396205902,-0.09265117347240448,0.9993105530738831,0.48749905824661255,0.27260151505470276,-0.16933287680149078,0.9997754096984863,0.47496163845062256,0.27200281620025635,-0.17011360824108124,0.9997628927230835,0.5212652087211609,0.34453752636909485,-0.035805486142635345,0.9997681975364685,0.44132718443870544,0.34322431683540344,-0.0320439450442791,0.9995615482330322,0.538841187953949,0.452813982963562,-0.0364527627825737,0.979411780834198,0.4206962287425995,0.44743096828460693,-0.057453081011772156,0.967287003993988,0.5026273131370544,0.4904240369796753,-0.15315578877925873,0.9785315990447998,0.4598500430583954,0.48710501194000244,-0.190045565366745,0.963286280632019,0.4940061867237091,0.5162155628204346,-0.18966001272201538,0.9523990154266357,0.4707317054271698,0.5087682008743286,-0.22767023742198944,0.9189199805259705,0.48972347378730774,0.5064907073974609,-0.20634666085243225,0.9501507878303528,0.475498229265213,0.5006250739097595,-0.23947741091251373,0.9107389450073242,0.4911385476589203,0.4979071617126465,-0.16184310615062714,0.9318035840988159,0.471605509519577,0.4930766224861145,-0.1966751366853714,0.8841995000839233,0.5060531497001648,0.5721969604492188,-0.003514402313157916,0.9994505047798157,0.4539642035961151,0.5720347762107849,0.0034950815606862307,0.9993763566017151,0.5038667321205139,0.7380414605140686,-0.0004961558151990175,0.9823423624038696,0.4544279873371124,0.7323672771453857,0.008454868569970131,0.9817338585853577,0.5061479806900024,0.8766248822212219,0.17627866566181183,0.9548937678337097,0.45633891224861145,0.876251220703125,0.1705426275730133,0.9640582203865051,0.5015479326248169,0.8889261484146118,0.18755435943603516,0.7505624890327454,0.4597979784011841,0.8876053690910339,0.1808711588382721,0.7312872409820557,0.5049428939819336,0.9300450086593628,0.07308246195316315,0.9306138157844543,0.4522238075733185,0.9348008036613464,0.0664520114660263,0.939627468585968
yena_sit_to_stand_normal_02,24,8,0.8001007556675063,29.99622213826974,10,0.4812324643135071,0.25265881419181824,-0.20574542880058289,0.9998373985290527,0.48693668842315674,0.2398787885904312,-0.18854278326034546,0.9996721148490906,0.4899424910545349,0.24058309197425842,-0.1885702759027481,0.9996399879455566,0.49276918172836304,0.2413228303194046,-0.1885656714439392,0.9996175169944763,0.4763203263282776,0.23901590704917908,-0.1887517124414444,0.9995856881141663,0.47266292572021484,0.23921051621437073,-0.18874379992485046,0.9995208382606506,0.4695403277873993,0.23966118693351746,-0.18876616656780243,0.9995307922363281,0.4976041615009308,0.25062718987464905,-0.0889204740524292,0.9995458126068115,0.46551287174224854,0.2502038776874542,-0.09003590792417526,0.9993607997894287,0.4876347482204437,0.2720150649547577,-0.16841784119606018,0.9997955560684204,0.4750468134880066,0.27136367559432983,-0.16890326142311096,0.9997840523719788,0.5210698246955872,0.34486156702041626,-0.03804214298725128,0.9997888803482056,0.4408811628818512,0.343429297208786,-0.02746260166168213,0.9995914101600647,0.5387160778045654,0.4506876468658447,-0.017748933285474777,0.9804840683937073,0.4208561182022095,0.44562333822250366,-0.016995582729578018,0.9683973789215088,0.5125661492347717,0.516455888748169,-0.12359186261892319,0.97950679063797,0.4483194351196289,0.5146256685256958,-0.12450229376554489,0.9640963077545166,0.5069485306739807,0.549594521522522,-0.15910965204238892,0.954771101474762,0.4534500539302826,0.5458273887634277,-0.1587560921907425,0.9218681454658508,0.5000219941139221,0.5405848026275635,-0.18204393982887268,0.9527824521064758,0.4610779583454132,0.539341151714325,-0.17915800213813782,0.9145836234092712,0.49948742985725403,0.5305692553520203,-0.13400670886039734,0.9353299140930176,0.4611474275588989,0.5300343036651611,-0.1344340592622757,0.889383852481842,0.5058735013008118,0.5726049542427063,-0.0035685966722667217,0.9994790554046631,0.4541853666305542,0.5720843076705933,0.0035511201713234186,0.99940425157547,0.5040997862815857,0.7381829023361206,-0.01917085237801075,0.9834393262863159,0.4532237648963928,0.7323275804519653,0.0013669083127751946,0.9824092388153076,0.5061445832252502,0.8797499537467957,0.17325736582279205,0.9578871130943298,0.45627227425575256,0.8758839964866638,0.17435985803604126,0.9659041166305542,0.5012734532356262,0.8899241089820862,0.1854751855134964,0.7571502327919006,0.4598664343357086,0.8848690390586853,0.1855485588312149,0.7405647039413452,0.5041676759719849,0.9300459623336792,0.06965427845716476,0.9347419142723083,0.4522232413291931,0.93316650390625,0.07279625535011292,0.9430782198905945
yena_sit_to_stand_normal_02,27,9,0.9001133501259445,29.99622213826974,10,0.48161956667900085,0.2517884075641632,-0.19855065643787384,0.9998507499694824,0.4873272478580475,0.23932647705078125,-0.181731715798378,0.9996946454048157,0.49017825722694397,0.24022363126277924,-0.1817418485879898,0.9996652007102966,0.49322474002838135,0.24110998213291168,-0.18171463906764984,0.99964439868927,0.4767243266105652,0.23804247379302979,-0.1818121373653412,0.9996156096458435,0.47288215160369873,0.23809826374053955,-0.1817847043275833,0.9995567202568054,0.469774067401886,0.2383776307106018,-0.1818145215511322,0.999565601348877,0.49786612391471863,0.2505677044391632,-0.08671706169843674,0.9995703101158142,0.4655735194683075,0.2492995411157608,-0.08652546256780624,0.9994011521339417,0.4879368245601654,0.271407812833786,-0.16691136360168457,0.9998127222061157,0.4751445949077606,0.27025362849235535,-0.16771063208580017,0.9998022317886353,0.5208761692047119,0.34478339552879333,-0.04181696102023125,0.9998071789741516,0.4406399428844452,0.34343940019607544,-0.02848668023943901,0.9996199607849121,0.5385679006576538,0.44885194301605225,-0.024362856522202492,0.9810855984687805,0.42152684926986694,0.44541576504707336,-0.026473386213183403,0.9695356488227844,0.5161051154136658,0.5275415182113647,-0.12453858554363251,0.980499267578125,0.44556406140327454,0.5297555923461914,-0.13228346407413483,0.965540885925293,0.5129061341285706,0.5643166303634644,-0.1578436940908432,0.9573271870613098,0.4474080502986908,0.5634579658508301,-0.1654811054468155,0.925888180732727,0.5051130652427673,0.5562646985054016,-0.1813843846321106,0.9555417895317078,0.45575830340385437,0.5573413372039795,-0.18503715097904205,0.9193733334541321,0.5034071207046509,0.5451745390892029,-0.13491179049015045,0.9390708804130554,0.45682570338249207,0.5462192296981812,-0.14196158945560455,0.8958126902580261,0.5060572624206543,0.5735824704170227,-0.004839066881686449,0.9995123744010925,0.45488131046295166,0.5745590329170227,0.0047987052239477634,0.9994432926177979,0.5043861269950867,0.7382376790046692,-0.015772473067045212,0.984548032283783,0.45151031017303467,0.7322230935096741,0.00981232337653637,0.983228325843811,0.506270706653595,0.8792521357536316,0.17745541036128998,0.9608151912689209,0.4558755159378052,0.8711037635803223,0.1825735867023468,0.9679610133171082,0.5012546181678772,0.8901911377906799,0.18998363614082336,0.7658825516700745,0.45969587564468384,0.8794618248939514,0.19394928216934204,0.7526487112045288,0.5041702389717102,0.929951548576355,0.07853206992149353,0.939001202583313,0.45083487033843994,0.931318461894989,0.09451795369386673,0.9467238187789917
yena_sit_to_stand_normal_02,30,10,1.0001259445843829,29.99622213826974,10,0.48183339834213257,0.2507167458534241,-0.20935320854187012,0.9998629093170166,0.48752516508102417,0.23835565149784088,-0.19251662492752075,0.9997158646583557,0.4903799295425415,0.2393580675125122,-0.19253310561180115,0.999688982963562,0.49367475509643555,0.24037620425224304,-0.19251449406147003,0.9996694326400757,0.47690969705581665,0.23688967525959015,-0.1933455467224121,0.9996428489685059,0.47296062111854553,0.2369168996810913,-0.19332650303840637,0.9995894432067871,0.46979090571403503,0.2371792495250702,-0.19335271418094635,0.999596893787384,0.49807223677635193,0.2502772808074951,-0.09461813420057297,0.9995939135551453,0.46543729305267334,0.2481604367494583,-0.09860887378454208,0.9994390606880188,0.4880799651145935,0.2705751359462738,-0.17319472134113312,0.9998286366462708,0.4751456677913666,0.26933056116104126,-0.17449404299259186,0.9998189806938171,0.5206687450408936,0.3446689248085022,-0.04322271794080734,0.9998238682746887,0.4399542212486267,0.34345096349716187,-0.0426739901304245,0.9996474981307983,0.5375459790229797,0.44868800044059753,-0.015158282592892647,0.9815366864204407,0.4216722249984741,0.44538992643356323,-0.031012453138828278,0.9710820913314819,0.5156518816947937,0.5326365828514099,-0.11481499671936035,0.9813750386238098,0.446013867855072,0.536601722240448,-0.12936320900917053,0.9670154452323914,0.5132152438163757,0.5697208046913147,-0.14780981838703156,0.959519624710083,0.447268545627594,0.5709751844406128,-0.16276001930236816,0.9296292662620544,0.5053044557571411,0.5617724657058716,-0.17353548109531403,0.9579316973686218,0.4561239778995514,0.5650765299797058,-0.18256112933158875,0.9237837791442871,0.5034992694854736,0.5501152873039246,-0.1261364072561264,0.9423171281814575,0.4571896493434906,0.5532577633857727,-0.13888534903526306,0.9016223549842834,0.505972683429718,0.5764455199241638,-0.002342918422073126,0.999544620513916,0.4546237885951996,0.5778907537460327,0.0023082797415554523,0.999480128288269,0.5053226351737976,0.7382314205169678,-0.009160688146948814,0.9855412840843201,0.45163190364837646,0.7365321516990662,0.01252205204218626,0.9840906262397766,0.5071198344230652,0.8750919103622437,0.20228759944438934,0.9633960723876953,0.4560408294200897,0.8702110648155212,0.19998864829540253,0.9699420928955078,0.5018793940544128,0.8855915069580078,0.21713866293430328,0.775457501411438,0.45981550216674805,0.8777350187301636,0.2131052017211914,0.763028085231781,0.5060805082321167,0.9294672608375549,0.11062732338905334,0.9428829550743103,0.45131656527519226,0.9311968684196472,0.10746468603610992,0.9501943588256836
yena_sit_to_stand_normal_02,33,11,1.100138539042821,29.99622213826974,10,0.4818930923938751,0.25081562995910645,-0.1894814819097519,0.999873697757721,0.487558513879776,0.23845599591732025,-0.17388297617435455,0.9997344613075256,0.4904395043849945,0.23941582441329956,-0.1738988608121872,0.9997102618217468,0.4938438832759857,0.24040427803993225,-0.17388734221458435,0.9996921420097351,0.47692975401878357,0.2369188666343689,-0.1743152141571045,0.9996659755706787,0.47297248244285583,0.23693208396434784,-0.1742934286594391,0.9996172785758972,0.4697665274143219,0.23719248175621033,-0.1743040382862091,0.9996228218078613,0.49810490012168884,0.2502538859844208,-0.08228947222232819,0.9996156692504883,0.46517214179039,0.2481456845998764,-0.08510871976613998,0.9994680285453796,0.4880894124507904,0.27056118845939636,-0.1551247388124466,0.9998424649238586,0.47512373328208923,0.269449383020401,-0.1559232771396637,0.9998329877853394,0.5206537842750549,0.34468597173690796,-0.03673919662833214,0.9998393654823303,0.4399518370628357,0.3433757722377777,-0.038866449147462845,0.9996716380119324,0.5363861322402954,0.4492696225643158,-0.008223331533372402,0.9819119572639465,0.42262986302375793,0.4457647204399109,-0.03218231722712517,0.9715911149978638,0.5152914524078369,0.5372610688209534,-0.0974370539188385,0.9822492003440857,0.4464856684207916,0.5410873293876648,-0.13289034366607666,0.9674354791641235,0.5134585499763489,0.5759426951408386,-0.12840278446674347,0.961668074131012,0.44710007309913635,0.5763868093490601,-0.16634151339530945,0.9318454265594482,0.5053340792655945,0.5673024654388428,-0.15331538021564484,0.96026211977005,0.4560948312282562,0.57145094871521,-0.1850530356168747,0.9265923500061035,0.5033153295516968,0.5550494194030762,-0.10815350711345673,0.9455172419548035,0.45735427737236023,0.5593070983886719,-0.14231738448143005,0.9055472612380981,0.5055830478668213,0.5767540335655212,-0.001472656847909093,0.9995759129524231,0.45414966344833374,0.5781423449516296,0.0014382238732650876,0.9995138049125671,0.5057299137115479,0.736998975276947,-0.005388667341321707,0.9862594604492188,0.451681911945343,0.7363423705101013,0.017344212159514427,0.9844975471496582,0.507247269153595,0.8741607069969177,0.18785902857780457,0.9653825163841248,0.45651450753211975,0.8685902953147888,0.19790680706501007,0.9710888266563416,0.5026980042457581,0.8849594593048096,0.20076985657215118,0.7820873856544495,0.46009930968284607,0.8753770589828491,0.21059364080429077,0.7685272097587585,0.5072567462921143,0.9284396171569824,0.09937221556901932,0.945818305015564,0.4526563584804535,0.929836630821228,0.10774508118629456,0.952465295791626
yena_sit_to_stand_normal_02,36,12,1.2001511335012593,29.99622213826974,10,0.4815608859062195,0.25158312916755676,-0.19042643904685974,0.9998828172683716,0.4873831868171692,0.238935649394989,-0.17511896789073944,0.9997477531433105,0.49021652340888977,0.23982080817222595,-0.17513471841812134,0.9997265338897705,0.49337491393089294,0.24077190458774567,-0.17512011528015137,0.9997093081474304,0.47652667760849,0.23751859366893768,-0.1751241683959961,0.9996829628944397,0.47261399030685425,0.23755469918251038,-0.17510215938091278,0.999638557434082,0.46949243545532227,0.2378748059272766,-0.17511802911758423,0.9996415376663208,0.4979894757270813,0.25032728910446167,-0.086251400411129,0.9996287226676941,0.46501192450523376,0.24827900528907776,-0.0854707807302475,0.9994820952415466,0.4878639578819275,0.2712128758430481,-0.15607722103595734,0.9998538494110107,0.47478657960891724,0.27038776874542236,-0.15667633712291718,0.9998440742492676,0.5206559896469116,0.3462338447570801,-0.04549144580960274,0.9998526573181152,0.43950071930885315,0.3435474932193756,-0.03842530399560928,0.9996916651725769,0.5341564416885376,0.4537949562072754,-0.019588304683566093,0.9823410511016846,0.42354485392570496,0.44842293858528137,-0.03653165325522423,0.9716929793357849,0.5148669481277466,0.5478162169456482,-0.10965444892644882,0.9831473231315613,0.4460981488227844,0.5484352111816406,-0.13662631809711456,0.967793881893158,0.5136765241622925,0.5836297869682312,-0.14075607061386108,0.9638553261756897,0.44548553228378296,0.5832821130752563,-0.17060056328773499,0.9339513778686523,0.5052511692047119,0.5745865702629089,-0.1646980196237564,0.9626033306121826,0.45487937331199646,0.577057421207428,-0.1871263086795807,0.929219126701355,0.5031516551971436,0.5629134774208069,-0.11984241753816605,0.9487143754959106,0.4563745856285095,0.5650270581245422,-0.14471720159053802,0.9092543721199036,0.5047997236251831,0.5779603123664856,-0.003252884140238166,0.9996009469032288,0.4531475305557251,0.5785025954246521,0.00320337968878448,0.9995430707931519,0.5047473311424255,0.7369930744171143,0.0016496666939929128,0.9871042370796204,0.4499906301498413,0.7353009581565857,0.028372524306178093,0.9852266311645508,0.5073443651199341,0.8737175464630127,0.17520973086357117,0.967724084854126,0.4562211036682129,0.8674523234367371,0.19897757470607758,0.9726518392562866,0.504291832447052,0.8850517868995667,0.18589429557323456,0.7901657819747925,0.4599592387676239,0.8748490214347839,0.2107536345720291,0.7778195738792419,0.5066880583763123,0.9268680214881897,0.08111511170864105,0.9492881894111633,0.45145079493522644,0.9281955361366272,0.11123871803283691,0.955182671546936
yena_sit_to_stand_normal_02,39,13,1.3001637279596978,29.99622213826974,10,0.48103830218315125,0.2573266625404358,-0.2042824774980545,0.9998918175697327,0.4871060252189636,0.24511340260505676,-0.1886070817708969,0.9997626543045044,0.48979467153549194,0.24597987532615662,-0.18862023949623108,0.9997435808181763,0.49287092685699463,0.2470596581697464,-0.1885974258184433,0.9997273087501526,0.4761715829372406,0.24363422393798828,-0.18840065598487854,0.999703049659729,0.47215715050697327,0.24362929165363312,-0.18838195502758026,0.9996626377105713,0.4690011441707611,0.24401921033859253,-0.18840338289737701,0.9996643662452698,0.4976367950439453,0.2566339075565338,-0.09837915748357773,0.9996456503868103,0.46453922986984253,0.2534164488315582,-0.09744063764810562,0.999506950378418,0.4873899519443512,0.2775138318538666,-0.1705217808485031,0.9998653531074524,0.4739679992198944,0.2764328122138977,-0.17048798501491547,0.9998559951782227,0.5202761292457581,0.3533068299293518,-0.055112216621637344,0.9998640418052673,0.438469797372818,0.3499896228313446,-0.04295208305120468,0.9997099041938782,0.533246636390686,0.46243199706077576,-0.025024155154824257,0.9830241203308105,0.42353758215904236,0.4560730755329132,-0.030680295079946518,0.9716449975967407,0.5145389437675476,0.5569069981575012,-0.11182354390621185,0.9837377071380615,0.4453824758529663,0.5550849437713623,-0.12276764959096909,0.9674109220504761,0.5135341286659241,0.5905823111534119,-0.14412018656730652,0.9653434157371521,0.4443369209766388,0.5885940194129944,-0.15372182428836823,0.93460613489151,0.5045183897018433,0.580536961555481,-0.16619178652763367,0.9642407298088074,0.4535650908946991,0.581652820110321,-0.17431659996509552,0.9303856492042542,0.5023912191390991,0.5693894028663635,-0.12126559764146805,0.9509678483009338,0.45521289110183716,0.5699259638786316,-0.13263651728630066,0.9111360907554626,0.5030683279037476,0.5829122066497803,-0.005038970150053501,0.999612033367157,0.45275166630744934,0.5829303860664368,0.00500877620652318,0.9995587468147278,0.5031235218048096,0.7376460433006287,-0.005518363323062658,0.9878462553024292,0.448547899723053,0.7369216680526733,0.019188810139894485,0.9859561920166016,0.5064557194709778,0.8729846477508545,0.16816654801368713,0.9697250127792358,0.4556337594985962,0.8675929307937622,0.18512003123760223,0.9741160273551941,0.5029469132423401,0.8835178017616272,0.17898613214492798,0.7973566651344299,0.45943403244018555,0.8752639293670654,0.19599111378192902,0.7876796722412109,0.5058275461196899,0.9271156191825867,0.07368728518486023,0.9521430730819702,0.4499491751194,0.9276429414749146,0.09616465121507645,0.9575891494750977
yena_sit_to_stand_normal_02,42,14,1.400176322418136,29.99622213826974,10,0.4805101156234741,0.27481305599212646,-0.237383633852005,0.9998996257781982,0.48650485277175903,0.26161420345306396,-0.22203278541564941,0.999774694442749,0.4891695976257324,0.2621907591819763,-0.22203189134597778,0.9997571706771851,0.49230727553367615,0.26291242241859436,-0.2219957560300827,0.9997415542602539,0.47595348954200745,0.261308878660202,-0.2227644920349121,0.9997211694717407,0.4719275236129761,0.2616352140903473,-0.22276617586612701,0.9996843934059143,0.46869367361068726,0.26211562752723694,-0.22278901934623718,0.9996852874755859,0.4967021942138672,0.27294889092445374,-0.1288089156150818,0.9996541738510132,0.4641485810279846,0.2706192433834076,-0.13291889429092407,0.9995295405387878,0.486558735370636,0.292959064245224,-0.20235195755958557,0.9998746514320374,0.4735231399536133,0.292243629693985,-0.20365945994853973,0.999866247177124,0.5196279287338257,0.36721426248550415,-0.0786571130156517,0.999873161315918,0.43764597177505493,0.3625214099884033,-0.06988782435655594,0.999727725982666,0.5320295691490173,0.4727948307991028,-0.04139065369963646,0.9836309552192688,0.4231962561607361,0.4705275595188141,-0.04475623741745949,0.9712759852409363,0.5122027397155762,0.5660437941551208,-0.12410616874694824,0.9840492606163025,0.4437316060066223,0.5668333172798157,-0.1254771500825882,0.9656011462211609,0.5116206407546997,0.6000754833221436,-0.15367691218852997,0.9661752581596375,0.4430442452430725,0.5980196595191956,-0.15887542068958282,0.9327517747879028,0.5025188326835632,0.5900233387947083,-0.17857666313648224,0.965234100818634,0.4525220990180969,0.5916503071784973,-0.17580829560756683,0.9290235042572021,0.5002596974372864,0.5789874196052551,-0.13456077873706818,0.9523472785949707,0.4537658095359802,0.580687940120697,-0.13377287983894348,0.9100493788719177,0.501468300819397,0.5900442600250244,-0.005104708485305309,0.9996115565299988,0.452623188495636,0.5893176198005676,0.005071088206022978,0.9995688199996948,0.5014750361442566,0.7378132343292236,0.015097337774932384,0.9884819984436035,0.44687002897262573,0.739984393119812,0.021717067807912827,0.9867274165153503,0.5057766437530518,0.8723511695861816,0.17413443326950073,0.9717470407485962,0.45508936047554016,0.8676965236663818,0.1847812980413437,0.9756928086280823,0.5020790100097656,0.882487952709198,0.181064635515213,0.8056379556655884,0.4594089388847351,0.875589907169342,0.1950741559267044,0.7987881898880005,0.5049612522125244,0.9265305399894714,0.07538806647062302,0.9551380276679993,0.4486771523952484,0.9258163571357727,0.09524782001972198,0.9601595401763916
yena_sit_to_stand_normal_02,45,15,1.5001889168765743,29.99622213826974,10,0.47924086451530457,0.2975107729434967,-0.28354328870773315,0.9999082088470459,0.4848538041114807,0.28448259830474854,-0.2688317894935608,0.9997920393943787,0.48777419328689575,0.28480932116508484,-0.26881277561187744,0.9997759461402893,0.49086400866508484,0.2853907346725464,-0.2687687277793884,0.9997609853744507,0.474662721157074,0.2841128706932068,-0.2704469859600067,0.9997443556785583,0.47104984521865845,0.28418293595314026,-0.27047979831695557,0.9997113347053528,0.4679882824420929,0.28431928157806396,-0.27049776911735535,0.9997121095657349,0.4956088066101074,0.294546514749527,-0.17183759808540344,0.9996750950813293,0.4631797969341278,0.29240450263023376,-0.1805225908756256,0.9995683431625366,0.48551711440086365,0.31561198830604553,-0.24657973647117615,0.9998852014541626,0.472330242395401,0.3143397569656372,-0.24915418028831482,0.9998781681060791,0.5190300345420837,0.38500386476516724,-0.10886988788843155,0.9998826384544373,0.43614086508750916,0.38497790694236755,-0.11190502345561981,0.9997497200965881,0.5314028859138489,0.4909491539001465,-0.06826101988554001,0.9842653870582581,0.4232063889503479,0.49246859550476074,-0.08687141537666321,0.9725766777992249,0.5103375911712646,0.5787081122398376,-0.15434138476848602,0.9840367436408997,0.44365134835243225,0.5840893387794495,-0.17319044470787048,0.9652785658836365,0.5094321370124817,0.6096895933151245,-0.18418370187282562,0.9662173390388489,0.44328632950782776,0.61512690782547,-0.20480670034885406,0.9325226545333862,0.5008062124252319,0.6012101769447327,-0.20881067216396332,0.9654242396354675,0.4525156617164612,0.61109858751297,-0.22487321496009827,0.9292154908180237,0.49867647886276245,0.5909645557403564,-0.1648850440979004,0.9527187347412109,0.45360639691352844,0.5998972654342651,-0.18232615292072296,0.9106725454330444,0.5009201169013977,0.5974081158638,-0.0029691350646317005,0.9996119141578674,0.4527750611305237,0.5979996919631958,0.0029282751493155956,0.999582052230835,0.5011192560195923,0.7383063435554504,0.026645878329873085,0.9889348149299622,0.4471960663795471,0.7445357441902161,0.015056882053613663,0.9873583316802979,0.5059199333190918,0.8734661340713501,0.17498932778835297,0.973635733127594,0.45535606145858765,0.8717889785766602,0.17157047986984253,0.9771280884742737,0.5031164884567261,0.8843927979469299,0.1834186613559723,0.8134200572967529,0.4593183696269989,0.8808059692382812,0.1811371147632599,0.8076667189598083,0.5049319863319397,0.9260139465332031,0.07747430354356766,0.958044707775116,0.45000216364860535,0.9266322255134583,0.07721354067325592,0.9625213146209717
yena_sit_to_stand_normal_02,48,16,1.6002015113350125,29.99622213826974,10,0.47853192687034607,0.33125823736190796,-0.36995017528533936,0.9999135136604309,0.48407888412475586,0.3157689869403839,-0.3578779399394989,0.9998010993003845,0.48701146245002747,0.3161173462867737,-0.35786792635917664,0.9997866749763489,0.490371435880661,0.316550612449646,-0.3578752279281616,0.9997717142105103,0.47379595041275024,0.3142496347427368,-0.3583899736404419,0.999758780002594,0.4703015387058258,0.31376293301582336,-0.35845842957496643,0.9997292757034302,0.4673362672328949,0.31355100870132446,-0.35848528146743774,0.9997307658195496,0.4954034090042114,0.32215526700019836,-0.257325679063797,0.9996843934059143,0.4626435935497284,0.32010191679000854,-0.26031994819641113,0.9995977878570557,0.4848288595676422,0.34921085834503174,-0.3299972712993622,0.9998928308486938,0.471863716840744,0.3488186001777649,-0.33095672726631165,0.9998878836631775,0.5190210342407227,0.4033135771751404,-0.17521359026432037,0.9998912215232849,0.4358859062194824,0.40438252687454224,-0.174350306391716,0.9997710585594177,0.5306007266044617,0.5098219513893127,-0.14223258197307587,0.985032320022583,0.42275822162628174,0.509459376335144,-0.1455504596233368,0.9744411110877991,0.5059728026390076,0.5965586304664612,-0.2246347814798355,0.9832404851913452,0.4440513253211975,0.6009373068809509,-0.23105360567569733,0.9648309350013733,0.5050604939460754,0.6285260915756226,-0.25620195269584656,0.9640879034996033,0.4442804157733917,0.6300066709518433,-0.2636299729347229,0.9308745265007019,0.49688705801963806,0.6227354407310486,-0.27866268157958984,0.963401734828949,0.4529932141304016,0.6266874670982361,-0.2840614318847656,0.92794269323349,0.49479326605796814,0.6134156584739685,-0.23424051702022552,0.9499719142913818,0.45389267802238464,0.6170156002044678,-0.24017956852912903,0.909230649471283,0.49993905425071716,0.6016231179237366,0.0002446359139867127,0.9996083974838257,0.45248425006866455,0.6003969311714172,-0.00022864612401463091,0.9995936751365662,0.5008464455604553,0.7383275628089905,-8.81455052876845e-05,0.988959789276123,0.4483562111854553,0.742659330368042,-0.042091526091098785,0.987592339515686,0.5059201121330261,0.8738489747047424,0.13643483817577362,0.9749822020530701,0.4545273184776306,0.8729385137557983,0.1045738235116005,0.9780890941619873,0.5030748844146729,0.88475102186203,0.14327605068683624,0.8193458914756775,0.45769867300987244,0.8816524744033813,0.1129826083779335,0.8113648891448975,0.5050761103630066,0.9260378479957581,0.02656085044145584,0.9601116180419922,0.4510367214679718,0.9266423583030701,-0.006106123793870211,0.9642826318740845
yena_sit_to_stand_normal_02,51,17,1.7002141057934508,29.99622213826974,10,0.47823628783226013,0.3567602336406708,-0.3289428651332855,0.9999209642410278,0.48399099707603455,0.34108707308769226,-0.31528276205062866,0.9998173117637634,0.48700106143951416,0.34107109904289246,-0.31528031826019287,0.9998046159744263,0.4902176558971405,0.3416846692562103,-0.3152933120727539,0.9997907280921936,0.47334617376327515,0.34021350741386414,-0.3163747787475586,0.9997782111167908,0.46981871128082275,0.3400532603263855,-0.31644967198371887,0.9997521638870239,0.4665164351463318,0.3401406705379486,-0.3164759576320648,0.9997536540031433,0.4953741133213043,0.3468337953090668,-0.2182457149028778,0.9997110366821289,0.46260878443717957,0.3455159366130829,-0.2230111062526703,0.9996321201324463,0.4847836494445801,0.3737606108188629,-0.29091838002204895,0.9999024868011475,0.4715197682380676,0.3749801218509674,-0.29244059324264526,0.9998980760574341,0.5190380215644836,0.42707470059394836,-0.14439454674720764,0.9999008774757385,0.43547192215919495,0.42564329504966736,-0.1467023491859436,0.9997910857200623,0.5288800001144409,0.5319384336471558,-0.11813949793577194,0.985804557800293,0.42353591322898865,0.530318021774292,-0.12835334241390228,0.9763227105140686,0.5039902925491333,0.6156632304191589,-0.20927384495735168,0.9819226861000061,0.4452131986618042,0.6217025518417358,-0.21433821320533752,0.9644455909729004,0.5031871795654297,0.6494782567024231,-0.23990364372730255,0.9609842300415039,0.44729357957839966,0.6535874009132385,-0.24506142735481262,0.9294216632843018,0.49458080530166626,0.6433253884315491,-0.26161912083625793,0.9606885313987732,0.4549626111984253,0.6484143733978271,-0.26479434967041016,0.9272003173828125,0.49266713857650757,0.6325883269309998,-0.21894092857837677,0.9462722539901733,0.45557817816734314,0.6374233365058899,-0.22309470176696777,0.9083591103553772,0.4990006983280182,0.608874499797821,6.797038076911122e-05,0.9996134638786316,0.4516936242580414,0.6070820093154907,-5.952120045549236e-05,0.9995927810668945,0.49839290976524353,0.7316519021987915,-0.18908357620239258,0.9887199997901917,0.44867628812789917,0.7327161431312561,-0.16078366339206696,0.986773669719696,0.5051504969596863,0.8740866184234619,-0.0729067474603653,0.9749072790145874,0.45446711778640747,0.8741264343261719,-0.05350946635007858,0.9757882952690125,0.5029077529907227,0.8842468857765198,-0.06774675101041794,0.818280816078186,0.4576074182987213,0.8832525014877319,-0.04933684319257736,0.806613564491272,0.5025335550308228,0.924048900604248,-0.1935214251279831,0.959983766078949,0.4543303847312927,0.9266282916069031,-0.1700853854417801,0.96204674243927
yena_sit_to_stand_normal_02,54,18,1.800226700251889,29.99622213826974,10,0.4772392809391022,0.38117972016334534,-0.3583935499191284,0.9999278783798218,0.4832186698913574,0.36721959710121155,-0.3454040586948395,0.9998322129249573,0.4862935245037079,0.36716991662979126,-0.34540194272994995,0.9998210072517395,0.48943424224853516,0.36726444959640503,-0.3454362750053406,0.9998079538345337,0.4720281958580017,0.36633601784706116,-0.3452422022819519,0.9997959733009338,0.4684189558029175,0.3659631609916687,-0.3453419804573059,0.9997731447219849,0.46511298418045044,0.36556437611579895,-0.34537273645401,0.999774694442749,0.4950326383113861,0.3710174262523651,-0.24582506716251373,0.9997351169586182,0.46219679713249207,0.368471622467041,-0.24550391733646393,0.9996640682220459,0.4841707944869995,0.39749568700790405,-0.3188674747943878,0.9999116063117981,0.47060030698776245,0.39860227704048157,-0.31896287202835083,0.9999077320098877,0.5190870761871338,0.45136913657188416,-0.16017316281795502,0.9999096989631653,0.43517038226127625,0.4459467828273773,-0.15984554588794708,0.999810516834259,0.5274705290794373,0.5571709871292114,-0.13651950657367706,0.9865347146987915,0.4240511953830719,0.5509215593338013,-0.1370944231748581,0.9781519770622253,0.501694917678833,0.6347731351852417,-0.22502925992012024,0.9797788858413696,0.4484606087207794,0.6349042654037476,-0.22085721790790558,0.9646692872047424,0.5010999441146851,0.6669148802757263,-0.25563672184944153,0.9561394453048706,0.44961678981781006,0.6664202213287354,-0.250662624835968,0.928793728351593,0.49219200015068054,0.6604331731796265,-0.27482709288597107,0.9562389850616455,0.4572042226791382,0.662074089050293,-0.2694263756275177,0.9271125793457031,0.4902658760547638,0.6495769023895264,-0.23355861008167267,0.9402593970298767,0.45833465456962585,0.6512649655342102,-0.22886785864830017,0.9079495668411255,0.4981456398963928,0.6192032098770142,4.134987102588639e-05,0.9996318221092224,0.4504167437553406,0.6147280931472778,-2.8945773919986095e-06,0.9996081590652466,0.49594053626060486,0.7250516414642334,-0.235793799161911,0.9881595373153687,0.449919193983078,0.7209615707397461,-0.2208539992570877,0.9855855107307434,0.5040877461433411,0.874098002910614,-0.09378698468208313,0.9740498661994934,0.4546571671962738,0.8741836547851562,-0.08564338833093643,0.9733826518058777,0.5017281174659729,0.8828598260879517,-0.08556316792964935,0.820017397403717,0.45760881900787354,0.8832271695137024,-0.07817481458187103,0.8059490919113159,0.5023254752159119,0.9237080812454224,-0.21480868756771088,0.9592810869216919,0.45566269755363464,0.9266684055328369,-0.20904679596424103,0.9600411653518677
yena_sit_to_stand_normal_02,57,19,1.9002392947103275,29.99622213826974,10,0.4767497777938843,0.40619248151779175,-0.35930076241493225,0.9999338388442993,0.48273998498916626,0.39043357968330383,-0.34829631447792053,0.9998449683189392,0.48590612411499023,0.39044371247291565,-0.34829291701316833,0.9998350143432617,0.48886626958847046,0.39030808210372925,-0.34834232926368713,0.9998228549957275,0.47101524472236633,0.38973480463027954,-0.3482368588447571,0.9998111128807068,0.4672585129737854,0.3892611265182495,-0.3483409881591797,0.9997913241386414,0.4645385146141052,0.3892017900943756,-0.34836825728416443,0.9997931718826294,0.49450626969337463,0.3927719295024872,-0.2523766756057739,0.9997551441192627,0.46166935563087463,0.3911342918872833,-0.2525549829006195,0.9996917843818665,0.4837702214717865,0.42291831970214844,-0.32021304965019226,0.9999198913574219,0.469786673784256,0.4238710403442383,-0.320474773645401,0.9999164342880249,0.519044041633606,0.46896082162857056,-0.1605370044708252,0.9999179840087891,0.4347878396511078,0.4648487865924835,-0.16612030565738678,0.999828577041626,0.5255520939826965,0.5745879411697388,-0.13741843402385712,0.987185537815094,0.4239763617515564,0.5668829679489136,-0.14529895782470703,0.9799163937568665,0.5008255839347839,0.6501948237419128,-0.22322741150856018,0.977733314037323,0.451058566570282,0.649196982383728,-0.22195857763290405,0.9647898077964783,0.49953895807266235,0.6814004182815552,-0.2539336681365967,0.9513458609580994,0.452033668756485,0.6811965107917786,-0.25063881278038025,0.9277763366699219,0.49075400829315186,0.675217866897583,-0.2727958858013153,0.9519541263580322,0.4602452516555786,0.6772375106811523,-0.2682328522205353,0.9267072081565857,0.48896685242652893,0.6647434234619141,-0.23184005916118622,0.9349168539047241,0.4615664482116699,0.6663749814033508,-0.22916413843631744,0.9076707363128662,0.49771779775619507,0.6223235726356506,0.0010548181599006057,0.999656081199646,0.4497680366039276,0.6182669997215271,-0.000906864763237536,0.9996287822723389,0.49345457553863525,0.7185643315315247,-0.2503890097141266,0.9879905581474304,0.4509609639644623,0.7092439532279968,-0.23368710279464722,0.9844154119491577,0.5021811723709106,0.8722986578941345,-0.1355084478855133,0.9736390709877014,0.4528605043888092,0.8700457811355591,-0.12626594305038452,0.9706072807312012,0.49990180134773254,0.8824918866157532,-0.12934400141239166,0.8246087431907654,0.4532690644264221,0.8819248080253601,-0.12081663310527802,0.8049548864364624,0.5023521780967712,0.9221912026405334,-0.25935235619544983,0.9595159888267517,0.4559515714645386,0.9251235127449036,-0.2543717324733734,0.9582145810127258
yena_sit_to_stand_normal_02,60,20,2.0002518891687657,29.99622213826974,10,0.47665935754776,0.42380520701408386,-0.3308750092983246,0.9999396800994873,0.48260751366615295,0.4090000092983246,-0.3225265443325043,0.999858021736145,0.48570379614830017,0.4089530110359192,-0.3225027620792389,0.9998490214347839,0.4887388348579407,0.4086671471595764,-0.3225518763065338,0.9998379349708557,0.47077715396881104,0.4081512689590454,-0.32266613841056824,0.9998268485069275,0.4668337404727936,0.4079548716545105,-0.3227830231189728,0.9998095631599426,0.4642283618450165,0.4079427123069763,-0.32281723618507385,0.9998116493225098,0.49415314197540283,0.41166895627975464,-0.2477709949016571,0.9997751712799072,0.4610327184200287,0.41119033098220825,-0.24858953058719635,0.9997186660766602,0.48337090015411377,0.4393516182899475,-0.29559582471847534,0.9999275803565979,0.4692867696285248,0.44054311513900757,-0.29625239968299866,0.9999244809150696,0.5185364484786987,0.485067754983902,-0.15628263354301453,0.9999253749847412,0.4346294105052948,0.47950971126556396,-0.16134069859981537,0.9998448491096497,0.5245692133903503,0.5926883816719055,-0.13732028007507324,0.9877468347549438,0.4239405691623688,0.5823251605033875,-0.14985163509845734,0.9814795851707458,0.49788230657577515,0.6613203883171082,-0.21824529767036438,0.975861668586731,0.4527483284473419,0.6615067720413208,-0.21873265504837036,0.9652151465415955,0.49632570147514343,0.6898143887519836,-0.24865946173667908,0.9470239877700806,0.45424747467041016,0.6921444535255432,-0.24801519513130188,0.9277216196060181,0.48749950528144836,0.6834103465080261,-0.2656274735927582,0.9480141401290894,0.46235451102256775,0.6873744130134583,-0.2621169090270996,0.927244246006012,0.48608216643333435,0.67437744140625,-0.2269345223903656,0.9307435750961304,0.4636760950088501,0.6770581603050232,-0.22618426382541656,0.9089617133140564,0.497527539730072,0.6323263645172119,0.0010103604290634394,0.9996748566627502,0.4492494761943817,0.6294341683387756,-0.0008693517884239554,0.9996449947357178,0.4910911023616791,0.7101812958717346,-0.25344160199165344,0.9881343841552734,0.45103004574775696,0.7034346461296082,-0.23159535229206085,0.9832155704498291,0.5022528767585754,0.8689200282096863,-0.15940257906913757,0.973220944404602,0.45300576090812683,0.8690896034240723,-0.14765667915344238,0.9682524800300598,0.5035756230354309,0.8816030025482178,-0.15438301861286163,0.8274742960929871,0.45342597365379333,0.8794355988502502,-0.14333587884902954,0.8066349029541016,0.49992477893829346,0.9213833808898926,-0.2754116356372833,0.9598254561424255,0.4572739601135254,0.9249887466430664,-0.26635950803756714,0.957012414932251
yena_sit_to_stand_normal_02,63,21,2.100264483627204,29.99622213826974,10,0.476530522108078,0.43786707520484924,-0.30524078011512756,0.9999449253082275,0.4824863076210022,0.42309778928756714,-0.29675525426864624,0.9998698234558105,0.4855193793773651,0.4231942594051361,-0.29673588275909424,0.9998617172241211,0.48863106966018677,0.4233134388923645,-0.29676201939582825,0.9998514652252197,0.47055429220199585,0.42187637090682983,-0.2969539761543274,0.9998413920402527,0.466506689786911,0.42166033387184143,-0.2970558702945709,0.9998263716697693,0.46398666501045227,0.4216043949127197,-0.2970823347568512,0.999828577041626,0.49388736486434937,0.4268149733543396,-0.2188592553138733,0.9997930526733398,0.4605017900466919,0.42491385340690613,-0.22012515366077423,0.9997434616088867,0.4829488694667816,0.45366746187210083,-0.27241235971450806,0.9999344944953918,0.46877923607826233,0.4544464349746704,-0.2729896008968353,0.9999317526817322,0.5176402926445007,0.4982866644859314,-0.1433941274881363,0.9999318718910217,0.4343201220035553,0.4947960078716278,-0.15360325574874878,0.9998595714569092,0.5234494805335999,0.6036432385444641,-0.13454805314540863,0.9881135821342468,0.4251173734664917,0.5966315269470215,-0.14563997089862823,0.9828957915306091,0.4946730434894562,0.6683951616287231,-0.21311989426612854,0.9730386734008789,0.45365098118782043,0.6703292727470398,-0.2056647390127182,0.9655541777610779,0.49291351437568665,0.6964302062988281,-0.2411937713623047,0.9410218596458435,0.45585229992866516,0.6995099782943726,-0.231882244348526,0.9273893237113953,0.4840337932109833,0.6902479529380798,-0.2541978359222412,0.9424876570701599,0.4644235074520111,0.694473385810852,-0.24372051656246185,0.9275344610214233,0.4830884039402008,0.681124746799469,-0.21964769065380096,0.925238311290741,0.46533313393592834,0.6846275329589844,-0.21050873398780823,0.9101467728614807,0.497217059135437,0.6365383267402649,0.0007114472100511193,0.9996891021728516,0.4490957260131836,0.6350017189979553,-0.0005533748771995306,0.9996572732925415,0.48883378505706787,0.7116342782974243,-0.23769737780094147,0.9881090521812439,0.4528445303440094,0.7063193321228027,-0.21506792306900024,0.9813796281814575,0.5013300180435181,0.867658793926239,-0.1596803218126297,0.9726251363754272,0.4531586766242981,0.8664900660514832,-0.1456875503063202,0.9659580588340759,0.5034828782081604,0.8815858960151672,-0.15614525973796844,0.8300801515579224,0.453695684671402,0.8786806464195251,-0.14264921844005585,0.8106732368469238,0.49736931920051575,0.9207828044891357,-0.2707168757915497,0.9597150683403015,0.4571928083896637,0.922675609588623,-0.2583068609237671,0.956084668636322
yena_sit_to_stand_normal_02,66,22,2.200277078085642,29.99622213826974,10,0.4759913980960846,0.44184666872024536,-0.260035902261734,0.9999498724937439,0.48198017477989197,0.4277181625366211,-0.2509726881980896,0.999880850315094,0.48499903082847595,0.4278443455696106,-0.25096574425697327,0.9998736381530762,0.4881924092769623,0.4280370771884918,-0.2509993016719818,0.9998642206192017,0.4700019061565399,0.4266323447227478,-0.2514115273952484,0.9998547434806824,0.466084748506546,0.42614588141441345,-0.25150778889656067,0.9998417496681213,0.4636553227901459,0.42603081464767456,-0.2515445947647095,0.999843955039978,0.4933632016181946,0.43190985918045044,-0.1748523712158203,0.9998101592063904,0.4599616229534149,0.42900580167770386,-0.17694029211997986,0.999765932559967,0.4823458790779114,0.45882153511047363,-0.22904416918754578,0.999940812587738,0.46849197149276733,0.459132581949234,-0.22986645996570587,0.9999383687973022,0.5172515511512756,0.5069824457168579,-0.10694999992847443,0.9999377727508545,0.43405693769454956,0.501029372215271,-0.12114505469799042,0.9998725652694702,0.5225950479507446,0.6089447140693665,-0.10383041203022003,0.9885516166687012,0.4254898428916931,0.6014806628227234,-0.11288274824619293,0.9841440320014954,0.49384552240371704,0.6726439595222473,-0.1791960597038269,0.970883309841156,0.45429787039756775,0.6734855771064758,-0.17115266621112823,0.9649568796157837,0.49214833974838257,0.7006818056106567,-0.20567037165164948,0.9371685981750488,0.4567476809024811,0.7016690969467163,-0.19535797834396362,0.9259551763534546,0.4833822250366211,0.6952172517776489,-0.21917946636676788,0.9388644695281982,0.4652760326862335,0.6958593726158142,-0.20719808340072632,0.9266342520713806,0.4824763238430023,0.6863857507705688,-0.18586309254169464,0.9217590093612671,0.4659307897090912,0.6866818070411682,-0.17571423947811127,0.9100127220153809,0.4966215193271637,0.6473849415779114,0.001786207896657288,0.9997091293334961,0.4490499496459961,0.6455113887786865,-0.00159577582962811,0.9996748566627502,0.4883435070514679,0.712417721748352,-0.2502068281173706,0.9886885285377502,0.4635721445083618,0.7062377333641052,-0.2275117039680481,0.9814925789833069,0.501124918460846,0.8672759532928467,-0.17221380770206451,0.9733173847198486,0.45263952016830444,0.8652542233467102,-0.16603735089302063,0.9660910964012146,0.5036479234695435,0.8800203204154968,-0.1683516800403595,0.8359108567237854,0.45282503962516785,0.8786396384239197,-0.16356906294822693,0.8182029724121094,0.4967455267906189,0.9201022386550903,-0.28174400329589844,0.9610901474952698,0.4554133117198944,0.9223017692565918,-0.279565691947937,0.9570826888084412
yena_sit_to_stand_normal_02,69,23,2.3002896725440807,29.99622213826974,10,0.4748222529888153,0.43974703550338745,-0.22829562425613403,0.9999547004699707,0.4806537628173828,0.42603403329849243,-0.218016117811203,0.9998921751976013,0.48360687494277954,0.4262422025203705,-0.2180035412311554,0.9998856782913208,0.4864092767238617,0.42633765935897827,-0.2180371880531311,0.9998771548271179,0.4696095585823059,0.42479395866394043,-0.2183939516544342,0.9998685121536255,0.4658035635948181,0.42407867312431335,-0.2184838205575943,0.9998570084571838,0.46342241764068604,0.42377713322639465,-0.21851247549057007,0.9998590350151062,0.4918535053730011,0.4299249053001404,-0.14005088806152344,0.999828040599823,0.45967987179756165,0.42762649059295654,-0.14185099303722382,0.9997884035110474,0.4810141324996948,0.456338495016098,-0.1970314085483551,0.999946653842926,0.46766799688339233,0.45620912313461304,-0.19777055084705353,0.9999444484710693,0.5163122415542603,0.505175769329071,-0.07395030558109283,0.9999433755874634,0.4340444803237915,0.5009775161743164,-0.08985890448093414,0.9998844265937805,0.5225163698196411,0.6035084128379822,-0.06470765918493271,0.9889361262321472,0.42540961503982544,0.6014186143875122,-0.08187995105981827,0.9852498769760132,0.4946136772632599,0.6696014404296875,-0.13517612218856812,0.9690448641777039,0.4539989233016968,0.6711609363555908,-0.14002804458141327,0.9650019407272339,0.4927099049091339,0.6998426914215088,-0.15972214937210083,0.9340871572494507,0.455882728099823,0.7001920938491821,-0.16414600610733032,0.9258787035942078,0.4836732745170593,0.693244993686676,-0.17430442571640015,0.9360730051994324,0.4646131098270416,0.6953720450401306,-0.17543306946754456,0.9269735217094421,0.4830353856086731,0.6830042004585266,-0.14199134707450867,0.9192109107971191,0.46511298418045044,0.6856371164321899,-0.14427286386489868,0.9110479950904846,0.496165931224823,0.6529555916786194,0.002108311979100108,0.9997301697731018,0.44905123114585876,0.6491206288337708,-0.0019146647537127137,0.9996935725212097,0.4885849952697754,0.7127196192741394,-0.2562521994113922,0.9893908500671387,0.4511767625808716,0.7070809006690979,-0.2380530685186386,0.9822691082954407,0.501139760017395,0.8658806085586548,-0.17328259348869324,0.9746074080467224,0.45235997438430786,0.8651821613311768,-0.1717464029788971,0.9673716425895691,0.5012732148170471,0.8766001462936401,-0.16917379200458527,0.8437119722366333,0.4526669681072235,0.8773517608642578,-0.16889597475528717,0.8279037475585938,0.4968110918998718,0.9208731651306152,-0.28146836161613464,0.963213324546814,0.4550178349018097,0.9228418469429016,-0.2842460870742798,0.9591712355613708
yena_sit_to_stand_normal_02,72,24,2.4003022670025187,29.99622213826974,10,0.4744369089603424,0.4325844943523407,-0.21713440120220184,0.9999590516090393,0.48025137186050415,0.4201439321041107,-0.205638587474823,0.9999023675918579,0.4831134080886841,0.42068785429000854,-0.2056334763765335,0.9998964667320251,0.48593223094940186,0.421669602394104,-0.20565278828144073,0.9998887777328491,0.4694204330444336,0.4191356897354126,-0.20551171898841858,0.999880850315094,0.46563199162483215,0.4189835488796234,-0.20559509098529816,0.9998706579208374,0.4630800187587738,0.4191357493400574,-0.20563378930091858,0.9998725652694702,0.4910403788089752,0.42761507630348206,-0.12686745822429657,0.9998441338539124,0.4594477415084839,0.4254222810268402,-0.12649895250797272,0.9998084902763367,0.48072299361228943,0.44907277822494507,-0.18626275658607483,0.999951958656311,0.4676019549369812,0.44836631417274475,-0.18637403845787048,0.9999499320983887,0.515463650226593,0.5016719102859497,-0.06893597543239594,0.9999484419822693,0.4345991909503937,0.49736690521240234,-0.07600155472755432,0.9998950958251953,0.5222376585006714,0.6019205451011658,-0.06639008969068527,0.9891986846923828,0.424343079328537,0.5983511805534363,-0.07401242107152939,0.9861880540847778,0.4956795871257782,0.6681468486785889,-0.1443568766117096,0.9677748680114746,0.4528213441371918,0.6696381568908691,-0.1397131234407425,0.9651293158531189,0.4941914975643158,0.6982963681221008,-0.17040657997131348,0.9325600266456604,0.4549053907394409,0.699005126953125,-0.16452015936374664,0.9258268475532532,0.48529931902885437,0.6917551755905151,-0.18570415675640106,0.9346752762794495,0.4628883898258209,0.6942930221557617,-0.1758406162261963,0.9272212386131287,0.4843607544898987,0.6815520524978638,-0.15159104764461517,0.9180783033370972,0.46334773302078247,0.6841883063316345,-0.14421162009239197,0.911952793598175,0.4961628317832947,0.654408872127533,0.0016239213291555643,0.9997502565383911,0.44961079955101013,0.6526023149490356,-0.0014389430871233344,0.9997133016586304,0.48869588971138,0.7125653624534607,-0.2593812644481659,0.9900779724121094,0.4503316581249237,0.7061876058578491,-0.24208270013332367,0.9830543994903564,0.5011535286903381,0.8646863698959351,-0.16637611389160156,0.975936233997345,0.45238226652145386,0.8637868165969849,-0.16571731865406036,0.9688693881034851,0.5007989406585693,0.8763372302055359,-0.1617295891046524,0.8507192730903625,0.45316049456596375,0.8768290877342224,-0.16215696930885315,0.8374710083007812,0.49800583720207214,0.9217026233673096,-0.27696430683135986,0.9654343128204346,0.4545762836933136,0.9236660599708557,-0.2802410423755646,0.9614847898483276
yena_sit_to_stand_normal_02,75,25,2.500314861460957,29.99622213826974,10,0.47377511858940125,0.4189237952232361,-0.22974638640880585,0.9999628663063049,0.4796205461025238,0.40798965096473694,-0.2178279608488083,0.9999110698699951,0.48263370990753174,0.40879929065704346,-0.21782445907592773,0.9999058246612549,0.4852057099342346,0.40955349802970886,-0.21783624589443207,0.9998987913131714,0.46908125281333923,0.4054766297340393,-0.21712546050548553,0.9998912811279297,0.46544164419174194,0.40496471524238586,-0.21720828115940094,0.9998824000358582,0.46300506591796875,0.4048531651496887,-0.21725033223628998,0.9998842477798462,0.490450382232666,0.4174276888370514,-0.13889406621456146,0.9998579621315002,0.45944294333457947,0.4134768545627594,-0.13579623401165009,0.9998252987861633,0.48013755679130554,0.4364466965198517,-0.19910773634910583,0.9999566674232483,0.46705523133277893,0.43528133630752563,-0.19847248494625092,0.9999548196792603,0.5152523517608643,0.4988013505935669,-0.08188541233539581,0.9999529123306274,0.43500134348869324,0.4965353012084961,-0.08179028332233429,0.9999041557312012,0.521358847618103,0.6011838316917419,-0.07673200219869614,0.9896358251571655,0.42471349239349365,0.5933786034584045,-0.07297433912754059,0.9868829846382141,0.4971568286418915,0.667519211769104,-0.14628754556179047,0.9677352905273438,0.45204272866249084,0.6692978739738464,-0.14100752770900726,0.9653829336166382,0.49594032764434814,0.6976278424263,-0.17491351068019867,0.933150053024292,0.45368579030036926,0.6981955170631409,-0.16664919257164001,0.9264196157455444,0.4875970184803009,0.6911301612854004,-0.19574576616287231,0.9353041648864746,0.46112382411956787,0.6941492557525635,-0.17974413931369781,0.9280285835266113,0.48596757650375366,0.6809504628181458,-0.15468469262123108,0.9189526438713074,0.46195361018180847,0.6837886571884155,-0.14649274945259094,0.9131358861923218,0.496426522731781,0.6527591943740845,-0.000990162487141788,0.9997680187225342,0.45069143176078796,0.6520815491676331,0.001137364306487143,0.9997302889823914,0.4887555241584778,0.7151058912277222,-0.25769320130348206,0.9906696677207947,0.4500180184841156,0.7102822065353394,-0.237700954079628,0.9836632609367371,0.50247722864151,0.8642631769180298,-0.13906221091747284,0.9772288799285889,0.4528602659702301,0.8646501898765564,-0.13585278391838074,0.9703227281570435,0.502355694770813,0.8749712705612183,-0.1316749006509781,0.8564073443412781,0.4550318121910095,0.8768501281738281,-0.12963859736919403,0.8456674218177795,0.49845418334007263,0.9219569563865662,-0.24856771528720856,0.9673813581466675,0.45416563749313354,0.9255325198173523,-0.24779406189918518,0.963560163974762
yena_sit_to_stand_normal_02,78,26,2.6003274559193956,29.99622213826974,10,0.47359609603881836,0.41094473004341125,-0.2221883237361908,0.9999663233757019,0.4794537127017975,0.40031570196151733,-0.20880325138568878,0.9999191761016846,0.48243337869644165,0.4011005759239197,-0.2087969183921814,0.9999144673347473,0.484902948141098,0.40171197056770325,-0.20879597961902618,0.9999080300331116,0.4689863324165344,0.39807701110839844,-0.20875045657157898,0.9999009966850281,0.46537622809410095,0.39770981669425964,-0.20882703363895416,0.9998932480812073,0.46292367577552795,0.397594153881073,-0.2088596373796463,0.9998949766159058,0.48987260460853577,0.40962377190589905,-0.12923921644687653,0.9998706579208374,0.45940276980400085,0.4065915048122406,-0.1296822726726532,0.9998408555984497,0.4799593687057495,0.4283202588558197,-0.192086324095726,0.9999608993530273,0.4668516218662262,0.4275549352169037,-0.19237633049488068,0.9999592304229736,0.5139268040657043,0.49452701210975647,-0.07989967614412308,0.9999569654464722,0.43528124690055847,0.4944743514060974,-0.08038512617349625,0.9999120235443115,0.5209542512893677,0.597161054611206,-0.0779392346739769,0.9899693131446838,0.4259408712387085,0.5905845761299133,-0.07844123989343643,0.9872811436653137,0.49842867255210876,0.6668861508369446,-0.15308789908885956,0.9683822989463806,0.45171818137168884,0.667695164680481,-0.14722220599651337,0.9654073715209961,0.4975089430809021,0.6974292397499084,-0.17932367324829102,0.9348394870758057,0.453064501285553,0.6954774856567383,-0.17540955543518066,0.9269838333129883,0.4894244372844696,0.6909413933753967,-0.19907110929489136,0.937045693397522,0.4602445960044861,0.6920272707939148,-0.1884773224592209,0.9288578033447266,0.487540602684021,0.680877149105072,-0.16115695238113403,0.9212643504142761,0.4611772298812866,0.682145893573761,-0.15389513969421387,0.9144811034202576,0.49662914872169495,0.6530977487564087,-0.0012274231994524598,0.9997825622558594,0.4511870741844177,0.653412938117981,0.0013661476550623775,0.9997422099113464,0.49064627289772034,0.7143548727035522,-0.25352591276168823,0.9909542202949524,0.4501895606517792,0.7096341252326965,-0.23507601022720337,0.983690083026886,0.5024952292442322,0.8621529340744019,-0.12733475863933563,0.9777875542640686,0.4534272253513336,0.864205539226532,-0.1231328696012497,0.9705895185470581,0.502335250377655,0.8735291361808777,-0.11946701258420944,0.8592145442962646,0.45604246854782104,0.8746116757392883,-0.11614736169576645,0.8496993184089661,0.49848511815071106,0.9191436767578125,-0.23195433616638184,0.9684237837791443,0.4541710317134857,0.925406813621521,-0.22947067022323608,0.9643577933311462
yena_sit_to_stand_normal_02,81,27,2.7003400503778336,29.99622213826974,10,0.4735831022262573,0.40530556440353394,-0.21851253509521484,0.9999696016311646,0.4794350266456604,0.3940356373786926,-0.20336581766605377,0.9999269843101501,0.48234227299690247,0.39472031593322754,-0.20336362719535828,0.9999227523803711,0.48491039872169495,0.3954865634441376,-0.2033589780330658,0.9999169111251831,0.4689313471317291,0.3926399052143097,-0.20410491526126862,0.9999104738235474,0.46536970138549805,0.3924213945865631,-0.20417866110801697,0.9999035596847534,0.4627358317375183,0.39273396134376526,-0.20420092344284058,0.9999051690101624,0.48968929052352905,0.4044463634490967,-0.11883725970983505,0.9998831152915955,0.4593205153942108,0.4018288552761078,-0.12337863445281982,0.9998561143875122,0.47995084524154663,0.42358559370040894,-0.18718548119068146,0.9999647736549377,0.4668276011943817,0.42276856303215027,-0.1886114478111267,0.9999632835388184,0.5126367211341858,0.49093011021614075,-0.07335005700588226,0.9999608993530273,0.4352799355983734,0.4936833083629608,-0.07552964240312576,0.9999195337295532,0.5205453634262085,0.5925243496894836,-0.07901255041360855,0.9904119372367859,0.4257040321826935,0.5875786542892456,-0.08505292981863022,0.9877983331680298,0.5000950694084167,0.6642472743988037,-0.17908143997192383,0.9699228405952454,0.4508833587169647,0.6660007834434509,-0.18409082293510437,0.9661715030670166,0.49986210465431213,0.6949554085731506,-0.21095557510852814,0.9381914138793945,0.4513264298439026,0.6919161677360535,-0.21448928117752075,0.9291042685508728,0.4917641878128052,0.6883401274681091,-0.22736231982707977,0.9403834939002991,0.4589775800704956,0.6895723938941956,-0.2271575629711151,0.931105375289917,0.4896417558193207,0.6785312294960022,-0.18716205656528473,0.9252539277076721,0.4600239098072052,0.6802687048912048,-0.1903000771999359,0.917039155960083,0.4972493350505829,0.65436851978302,-0.0007726656622253358,0.9997990131378174,0.451584130525589,0.6566576361656189,0.000904478132724762,0.9997584223747253,0.49232974648475647,0.7135047316551208,-0.2627708911895752,0.9913275241851807,0.4506221115589142,0.7095897197723389,-0.23940174281597137,0.9839425683021545,0.5025508999824524,0.8601639866828918,-0.11977274715900421,0.9785430431365967,0.45340320467948914,0.8627591133117676,-0.11347685754299164,0.9713656306266785,0.5017427802085876,0.8713563680648804,-0.11011162400245667,0.8637065291404724,0.4560636878013611,0.8737084865570068,-0.1052355095744133,0.8545690178871155,0.5001780390739441,0.9187431335449219,-0.2234235256910324,0.9697136282920837,0.4541584551334381,0.9255251884460449,-0.2211490422487259,0.9655633568763733
yena_sit_to_stand_normal_02,84,28,2.800352644836272,29.99622213826974,10,0.473640114068985,0.40252819657325745,-0.21786952018737793,0.9999725222587585,0.47944071888923645,0.3913031220436096,-0.2012658417224884,0.9999339580535889,0.4824322462081909,0.3917200565338135,-0.2012641280889511,0.999930202960968,0.4850005805492401,0.3923211395740509,-0.2012624442577362,0.999924898147583,0.46893376111984253,0.39063289761543274,-0.20247644186019897,0.9999189972877502,0.46537235379219055,0.3906830847263336,-0.20255230367183685,0.9999128580093384,0.462725967168808,0.39105701446533203,-0.20257647335529327,0.999914288520813,0.4897337555885315,0.40140312910079956,-0.11065243929624557,0.9998942613601685,0.4591427445411682,0.40067058801651,-0.11741875857114792,0.9998697638511658,0.47997310757637024,0.4203379452228546,-0.18456484377384186,0.9999682307243347,0.46699970960617065,0.42039763927459717,-0.18664832413196564,0.9999669194221497,0.5122403502464294,0.4890093207359314,-0.06561396270990372,0.9999644160270691,0.43541663885116577,0.4919910132884979,-0.06921245902776718,0.9999260306358337,0.5204216241836548,0.5891260504722595,-0.08193837851285934,0.9906367063522339,0.42457374930381775,0.5859572291374207,-0.09115982800722122,0.9881653785705566,0.5006930232048035,0.6620385646820068,-0.19784094393253326,0.9711780548095703,0.44884249567985535,0.6609252095222473,-0.20696039497852325,0.9669090509414673,0.500877320766449,0.6917477250099182,-0.2314498871564865,0.9411095976829529,0.44925031065940857,0.6876034140586853,-0.2394658774137497,0.9312755465507507,0.4928402602672577,0.685772716999054,-0.2470370978116989,0.943246066570282,0.4570266008377075,0.6837378144264221,-0.25138723850250244,0.9332643747329712,0.49053606390953064,0.6765785217285156,-0.20589129626750946,0.9284119606018066,0.45810380578041077,0.6747595071792603,-0.21308313310146332,0.9190707802772522,0.4973069727420807,0.6569021940231323,0.0008106362074613571,0.9998157024383545,0.45164263248443604,0.6592578291893005,-0.0006883805035613477,0.999776303768158,0.4936303198337555,0.7137457728385925,-0.27480629086494446,0.991746723651886,0.45163771510124207,0.7095842957496643,-0.2590113580226898,0.9844158887863159,0.5023266077041626,0.8602081537246704,-0.11086004227399826,0.9793764352798462,0.4541807472705841,0.8628561496734619,-0.10962484031915665,0.972572922706604,0.49846726655960083,0.8720739483833313,-0.09943751245737076,0.8674436807632446,0.458120197057724,0.8735131621360779,-0.09941302239894867,0.8598442673683167,0.4989737570285797,0.9187712073326111,-0.2162664830684662,0.971153974533081,0.454253613948822,0.9246156811714172,-0.2193721979856491,0.9673573970794678
yena_sit_to_stand_normal_02,87,29,2.90036523929471,29.99622213826974,10,0.4737657904624939,0.4015316665172577,-0.20003630220890045,0.9999752044677734,0.47955355048179626,0.3900968134403229,-0.1830979287624359,0.9999403953552246,0.4826345145702362,0.3904239237308502,-0.18309666216373444,0.9999370574951172,0.4852398633956909,0.3909047842025757,-0.18308986723423004,0.9999322295188904,0.4690292775630951,0.38971996307373047,-0.18469636142253876,0.9999268651008606,0.46547845005989075,0.38984712958335876,-0.18476977944374084,0.9999213814735413,0.4627757966518402,0.3902460038661957,-0.1847892701625824,0.9999226927757263,0.48984336853027344,0.40010395646095276,-0.09374446421861649,0.9999045729637146,0.4591432213783264,0.4001104235649109,-0.10217927396297455,0.9998824000358582,0.4800744950771332,0.41948556900024414,-0.1673917919397354,0.9999713897705078,0.4672223925590515,0.41972529888153076,-0.17003664374351501,0.9999701976776123,0.5122671723365784,0.48870527744293213,-0.05308881774544716,0.9999676942825317,0.4357459247112274,0.49020832777023315,-0.059376973658800125,0.9999321699142456,0.5207603573799133,0.5880028605461121,-0.07954087108373642,0.9909957051277161,0.42396584153175354,0.584149181842804,-0.09287191927433014,0.9886417388916016,0.5009132027626038,0.6603867411613464,-0.1967237889766693,0.9729715585708618,0.447210431098938,0.6577938199043274,-0.21603594720363617,0.9683688879013062,0.5012133121490479,0.6896461844444275,-0.22977526485919952,0.9449806213378906,0.4473053514957428,0.684500515460968,-0.24904295802116394,0.9346826672554016,0.49320992827415466,0.6836329698562622,-0.24529847502708435,0.946979820728302,0.45469027757644653,0.6806233525276184,-0.25943395495414734,0.9365683794021606,0.4908628761768341,0.6749875545501709,-0.20462648570537567,0.9327781796455383,0.455849826335907,0.6714929342269897,-0.22166447341442108,0.9226410388946533,0.49782121181488037,0.6590186953544617,0.0018449482740834355,0.9998317956924438,0.45181944966316223,0.6613887548446655,-0.0017371739959344268,0.9997941255569458,0.4954909384250641,0.7105144262313843,-0.2782018482685089,0.9922221899032593,0.4519663453102112,0.7097364068031311,-0.2599276304244995,0.9849368333816528,0.5024141669273376,0.8602415323257446,-0.12192363291978836,0.9803491234779358,0.4543123245239258,0.8632636666297913,-0.11934501677751541,0.9738481640815735,0.4986425042152405,0.8723530769348145,-0.11065320670604706,0.872291088104248,0.4582999050617218,0.8740435838699341,-0.10945769399404526,0.8655634522438049,0.49984675645828247,0.9176291227340698,-0.22768400609493256,0.972765326499939,0.45422059297561646,0.9243351221084595,-0.22990131378173828,0.9692266583442688
yena_sit_to_stand_normal_02,90,30,3.0003778337531486,29.99622213826974,10,0.4743301570415497,0.4004770815372467,-0.18827004730701447,0.9999775886535645,0.48015493154525757,0.38944506645202637,-0.17167507112026215,0.9999461770057678,0.4833185076713562,0.3898088335990906,-0.17166773974895477,0.9999431371688843,0.4859022796154022,0.3902544379234314,-0.17165544629096985,0.9999387860298157,0.46979033946990967,0.38891810178756714,-0.17349407076835632,0.9999338984489441,0.4662051498889923,0.38901036977767944,-0.17355847358703613,0.9999290108680725,0.46339112520217896,0.3893413245677948,-0.1735653579235077,0.999930202960968,0.4903002083301544,0.39950281381607056,-0.08530080318450928,0.99991375207901,0.45939964056015015,0.3987090289592743,-0.09486223757266998,0.9998936653137207,0.480394572019577,0.4183221459388733,-0.15675748884677887,0.9999741911888123,0.4678402841091156,0.4180314540863037,-0.1596846580505371,0.9999731183052063,0.5122596621513367,0.4885958731174469,-0.04756081476807594,0.9999706149101257,0.43578699231147766,0.4894493520259857,-0.05491377413272858,0.9999377131462097,0.5208320617675781,0.5871609449386597,-0.0736139640212059,0.9911120533943176,0.42357009649276733,0.5832065939903259,-0.08932415395975113,0.9889501333236694,0.5011470317840576,0.6581294536590576,-0.19017758965492249,0.9743785858154297,0.4460078775882721,0.6554968953132629,-0.2063256949186325,0.9695167541503906,0.501543402671814,0.6856720447540283,-0.22364388406276703,0.9481226205825806,0.4457854926586151,0.6819584369659424,-0.23843401670455933,0.9375099539756775,0.49353501200675964,0.6792346835136414,-0.2377682477235794,0.9500412940979004,0.4532304108142853,0.6763678193092346,-0.24897220730781555,0.939369797706604,0.49130168557167053,0.6709281206130981,-0.19780310988426208,0.9363933801651001,0.45450064539909363,0.6674277186393738,-0.21193642914295197,0.9258211851119995,0.4980049133300781,0.659052312374115,0.0025177961215376854,0.9998457431793213,0.45194751024246216,0.6616268157958984,-0.0024121359456330538,0.9998094439506531,0.49785372614860535,0.7105212211608887,-0.2762177586555481,0.9926429390907288,0.4524626135826111,0.7106695175170898,-0.2582854926586151,0.9855113625526428,0.5041600465774536,0.8601629137992859,-0.12134312838315964,0.9812391996383667,0.4542790651321411,0.8602160811424255,-0.11992567032575607,0.9750442504882812,0.5007056593894958,0.8724229335784912,-0.11086871474981308,0.8761042952537537,0.4582783281803131,0.8719088435173035,-0.1106284037232399,0.8707602024078369,0.5019630193710327,0.9176728129386902,-0.22414806485176086,0.9741098284721375,0.4537230432033539,0.920705258846283,-0.22757115960121155,0.970874011516571
yena_sit_to_stand_normal_02,93,31,3.1003904282115866,29.99622213826974,10,0.47469985485076904,0.4003024995326996,-0.1817324459552765,0.9999797344207764,0.4805435538291931,0.38928648829460144,-0.16514794528484344,0.9999513626098633,0.48374515771865845,0.3896297216415405,-0.16514164209365845,0.9999486207962036,0.4863092303276062,0.39005735516548157,-0.16513387858867645,0.9999446868896484,0.4701448082923889,0.3887992203235626,-0.16664628684520721,0.9999401569366455,0.46651744842529297,0.38893482089042664,-0.16671122610569,0.9999358654022217,0.4636864960193634,0.3892439007759094,-0.16672587394714355,0.9999369382858276,0.49069979786872864,0.3993352949619293,-0.07943203300237656,0.999921977519989,0.45961466431617737,0.3986932635307312,-0.08723655343055725,0.999903678894043,0.48078060150146484,0.41814446449279785,-0.15046396851539612,0.9999767541885376,0.4682832956314087,0.4178932011127472,-0.1528916358947754,0.9999757409095764,0.5124949812889099,0.4887242019176483,-0.043057724833488464,0.9999732375144958,0.43590813875198364,0.48918941617012024,-0.050200190395116806,0.9999427199363708,0.5210168361663818,0.5872068405151367,-0.07047345489263535,0.9911479949951172,0.4233616292476654,0.582525372505188,-0.0858195498585701,0.9892634749412537,0.5014187097549438,0.6573611497879028,-0.1850825399160385,0.9756714105606079,0.44575726985931396,0.6546431183815002,-0.20406490564346313,0.9706898331642151,0.5018870234489441,0.684691309928894,-0.21795028448104858,0.9510622024536133,0.4454882740974426,0.6810429096221924,-0.2354951947927475,0.9402530789375305,0.4938756823539734,0.6779083609580994,-0.2320461869239807,0.9529053568840027,0.4529755413532257,0.6752926707267761,-0.24737223982810974,0.9420644640922546,0.4916805326938629,0.6694024205207825,-0.1925579458475113,0.9397823810577393,0.45426061749458313,0.6663657426834106,-0.20998334884643555,0.9288774728775024,0.49848875403404236,0.660190761089325,0.0030100278090685606,0.9998587965965271,0.45196837186813354,0.6632708311080933,-0.00290955463424325,0.9998238682746887,0.49875304102897644,0.7105538249015808,-0.2755937874317169,0.9930619597434998,0.452609658241272,0.7112941145896912,-0.2576230466365814,0.9860962629318237,0.505332350730896,0.8601762056350708,-0.11918525397777557,0.982097327709198,0.4542781412601471,0.8583509922027588,-0.1142394170165062,0.9761949777603149,0.5018796324729919,0.8726146817207336,-0.10814996808767319,0.8792443871498108,0.45802778005599976,0.8692173361778259,-0.10387752950191498,0.8754057288169861,0.5030021071434021,0.917817234992981,-0.22038523852825165,0.9753822088241577,0.4536134600639343,0.9188004732131958,-0.21817681193351746,0.9724631309509277
yena_sit_to_stand_normal_02,96,32,3.200403022670025,29.99622213826974,10,0.475620836019516,0.40003982186317444,-0.17912493646144867,0.9999816417694092,0.48101383447647095,0.38910919427871704,-0.16241012513637543,0.999955952167511,0.4841216206550598,0.3894753158092499,-0.16240644454956055,0.9999535083770752,0.48669350147247314,0.38994675874710083,-0.1623980551958084,0.9999499320983887,0.47105926275253296,0.38856440782546997,-0.16448912024497986,0.9999457597732544,0.46744605898857117,0.3886813819408417,-0.16455045342445374,0.9999419450759888,0.46452537178993225,0.3889707922935486,-0.16456063091754913,0.99994295835495,0.49074169993400574,0.3990480899810791,-0.07727370411157608,0.9999292492866516,0.46000978350639343,0.39798855781555176,-0.08782899379730225,0.9999126195907593,0.4812188446521759,0.4176620543003082,-0.14820002019405365,0.9999790191650391,0.46911200881004333,0.41729286313056946,-0.15141282975673676,0.9999781250953674,0.5123085379600525,0.4887339174747467,-0.04248703271150589,0.9999755620956421,0.436067670583725,0.4889734983444214,-0.05138077214360237,0.9999468922615051,0.5214322209358215,0.5870527029037476,-0.06839043647050858,0.9910172820091248,0.4234071671962738,0.5824095010757446,-0.08594349026679993,0.989466667175293,0.5022757649421692,0.6565873026847839,-0.17843489348888397,0.9765923023223877,0.44580453634262085,0.6540506482124329,-0.2026543915271759,0.971763014793396,0.5024616122245789,0.6828759908676147,-0.20988169312477112,0.9532877206802368,0.44558805227279663,0.6809332966804504,-0.2341497391462326,0.942828357219696,0.4945264160633087,0.6756211519241333,-0.22375443577766418,0.9550599455833435,0.4530467689037323,0.6753664016723633,-0.24596358835697174,0.9445797801017761,0.4924822747707367,0.6670815348625183,-0.18568357825279236,0.9423093795776367,0.4543251097202301,0.6663315892219543,-0.20855215191841125,0.9317142367362976,0.49845650792121887,0.6609785556793213,0.003107501892372966,0.9998699426651001,0.4519594609737396,0.6635469794273376,-0.0030131444800645113,0.9998354315757751,0.4986344873905182,0.7107571959495544,-0.27206602692604065,0.9934163689613342,0.4526089131832123,0.71144038438797,-0.2590239644050598,0.9864287376403809,0.5060605406761169,0.8616394400596619,-0.11294646561145782,0.9828432202339172,0.45455896854400635,0.8584626913070679,-0.11439108103513718,0.9771815538406372,0.5021825432777405,0.8751754760742188,-0.10173497349023819,0.8814994692802429,0.45851024985313416,0.8706214427947998,-0.10403572022914886,0.8786720633506775,0.5029984712600708,0.9180253744125366,-0.21249361336231232,0.9765496253967285,0.45411384105682373,0.9191532731056213,-0.2184775024652481,0.9738752245903015
yena_sit_to_stand_normal_02,99,33,3.3004156171284635,29.99622213826974,10,0.4758324921131134,0.3995515704154968,-0.18156450986862183,0.9999833703041077,0.4811466634273529,0.38898560404777527,-0.1647874265909195,0.9999600052833557,0.4842395782470703,0.38937637209892273,-0.1647830456495285,0.999957799911499,0.48683473467826843,0.38983288407325745,-0.1647760421037674,0.9999545812606812,0.471264511346817,0.3884396553039551,-0.1667136251926422,0.999950647354126,0.4676395058631897,0.38858848810195923,-0.16677428781986237,0.9999473094940186,0.4646848738193512,0.38891366124153137,-0.16678546369075775,0.999948263168335,0.4908224046230316,0.39868173003196716,-0.07982748001813889,0.9999355673789978,0.4601191282272339,0.3977290391921997,-0.08961503207683563,0.9999203681945801,0.48134109377861023,0.41709405183792114,-0.15075640380382538,0.9999810457229614,0.46944648027420044,0.41672325134277344,-0.1537315994501114,0.9999802112579346,0.5121740102767944,0.4887423515319824,-0.0442875511944294,0.9999775290489197,0.43617209792137146,0.48768705129623413,-0.052607882767915726,0.9999504685401917,0.5214663743972778,0.5870466232299805,-0.06882675737142563,0.9908972978591919,0.4234069287776947,0.5818549394607544,-0.08602500706911087,0.9895578622817993,0.5026942491531372,0.6561927795410156,-0.1788749098777771,0.9771663546562195,0.4457044303417206,0.6532853245735168,-0.1998784989118576,0.9721507430076599,0.5025289058685303,0.6822320818901062,-0.2104993462562561,0.9548109769821167,0.4455379247665405,0.680365800857544,-0.23147402703762054,0.9440756440162659,0.49472111463546753,0.6745673418045044,-0.22465308010578156,0.956551194190979,0.4528859853744507,0.6748573184013367,-0.2423931211233139,0.9458163976669312,0.4928329885005951,0.6663348078727722,-0.1861894279718399,0.9439332485198975,0.4541715681552887,0.6654234528541565,-0.20564326643943787,0.9329319000244141,0.4984172582626343,0.660666823387146,0.0031826256308704615,0.9998794198036194,0.45186367630958557,0.6635004878044128,-0.0030959509313106537,0.9998452663421631,0.4987544119358063,0.7108124494552612,-0.26626262068748474,0.9937199354171753,0.4526403546333313,0.7125844955444336,-0.251847505569458,0.9867334961891174,0.5061103701591492,0.8629545569419861,-0.10993259400129318,0.9834917187690735,0.4545808434486389,0.8585516810417175,-0.10843796283006668,0.9779785871505737,0.5023547410964966,0.8764109015464783,-0.09908806532621384,0.8824195861816406,0.4584997594356537,0.870599627494812,-0.09854204207658768,0.8804906606674194,0.5030918717384338,0.9188154339790344,-0.21132154762744904,0.9774901866912842,0.45406702160835266,0.9194933772087097,-0.21364787220954895,0.9749950170516968
yena_sit_to_stand_normal_02,102,34,3.4004282115869016,29.99622213826974,10,0.475866436958313,0.39862939715385437,-0.1835683137178421,0.9999849796295166,0.48119431734085083,0.38858598470687866,-0.16540278494358063,0.9999638199806213,0.4842741787433624,0.3890174925327301,-0.1653876006603241,0.9999618530273438,0.4868873655796051,0.3894897699356079,-0.16536326706409454,0.9999589323997498,0.4713062047958374,0.3879949748516083,-0.16771920025348663,0.9999552965164185,0.4676779508590698,0.38820767402648926,-0.167780801653862,0.9999523758888245,0.4647042453289032,0.38863810896873474,-0.16779085993766785,0.9999532103538513,0.4908784329891205,0.39823591709136963,-0.08108027279376984,0.9999416470527649,0.46012502908706665,0.3973107635974884,-0.09013322740793228,0.999927818775177,0.48135074973106384,0.41640135645866394,-0.15218853950500488,0.9999828934669495,0.46948668360710144,0.41586166620254517,-0.15560562908649445,0.9999821782112122,0.5121783018112183,0.489022821187973,-0.04546957090497017,0.9999794363975525,0.4361458122730255,0.48765286803245544,-0.05302213504910469,0.9999539852142334,0.5215643644332886,0.5877000689506531,-0.0747474804520607,0.9910497069358826,0.42330998182296753,0.581524133682251,-0.09049184620380402,0.9897704720497131,0.5026505589485168,0.6565066576004028,-0.18909898400306702,0.9782288670539856,0.4456053078174591,0.653286874294281,-0.20912644267082214,0.9732480049133301,0.502443790435791,0.6831691265106201,-0.22152824699878693,0.9570981860160828,0.44556087255477905,0.6803370714187622,-0.24189424514770508,0.9464945793151855,0.4945872128009796,0.6754336953163147,-0.23580512404441833,0.958749532699585,0.45288342237472534,0.6748990416526794,-0.25208985805511475,0.9481635093688965,0.49271708726882935,0.667251467704773,-0.19652312994003296,0.9465238451957703,0.45410776138305664,0.6654871106147766,-0.2147921621799469,0.9355701208114624,0.4984462559223175,0.6606370210647583,0.0026499987579882145,0.9998888969421387,0.45182472467422485,0.6634551286697388,-0.002562193665653467,0.9998560547828674,0.49897605180740356,0.710331380367279,-0.2731446325778961,0.9940771460533142,0.4512467682361603,0.7124063968658447,-0.25765088200569153,0.9872053861618042,0.50586998462677,0.8582264184951782,-0.1159166768193245,0.9842843413352966,0.4545826017856598,0.8584206700325012,-0.11135436594486237,0.979019820690155,0.5021423697471619,0.8741206526756287,-0.10531114786863327,0.8859485387802124,0.45863109827041626,0.8705717921257019,-0.1013713926076889,0.8851548433303833,0.5027727484703064,0.9187540411949158,-0.21951723098754883,0.9786328077316284,0.4537737965583801,0.9195541739463806,-0.21698199212551117,0.9763275980949402
yena_sit_to_stand_normal_02,105,35,3.50044080604534,29.99622213826974,10,0.47566550970077515,0.39864641427993774,-0.18159063160419464,0.9999864101409912,0.4811325669288635,0.38857942819595337,-0.1644727736711502,0.9999672770500183,0.484245628118515,0.38902056217193604,-0.1644633412361145,0.999965488910675,0.48686572909355164,0.38949719071388245,-0.16444896161556244,0.9999628663063049,0.4711940586566925,0.3879604637622833,-0.1662941724061966,0.9999595284461975,0.46755850315093994,0.38814273476600647,-0.16636449098587036,0.9999569654464722,0.46457719802856445,0.38853147625923157,-0.16637951135635376,0.9999577403068542,0.4908933639526367,0.39846405386924744,-0.07960354536771774,0.9999471306800842,0.46005114912986755,0.39710700511932373,-0.08862536400556564,0.9999346137046814,0.48122265934944153,0.4164150655269623,-0.15064044296741486,0.9999845623970032,0.4692143499851227,0.41584715247154236,-0.15361015498638153,0.9999839663505554,0.5121642351150513,0.48907458782196045,-0.04501497745513916,0.9999811053276062,0.4360264837741852,0.48803791403770447,-0.051159799098968506,0.9999573230743408,0.5217686891555786,0.5885789394378662,-0.07230551540851593,0.9912305474281311,0.42242252826690674,0.581572949886322,-0.08464120328426361,0.9899705052375793,0.5024327635765076,0.6565942168235779,-0.18076367676258087,0.9790471792221069,0.44538766145706177,0.6533480286598206,-0.1967935562133789,0.9737840294837952,0.5022240877151489,0.6832046508789062,-0.21168175339698792,0.95892333984375,0.44537848234176636,0.6803476810455322,-0.2278285026550293,0.9478833675384521,0.4944893419742584,0.6754974722862244,-0.22513970732688904,0.9604986906051636,0.4527788460254669,0.6748216152191162,-0.23704205453395844,0.9495020508766174,0.4926048517227173,0.6673002243041992,-0.18767395615577698,0.9485523700714111,0.45399513840675354,0.6655060648918152,-0.2017301470041275,0.9370589852333069,0.498474657535553,0.6620543599128723,0.0026370978448539972,0.9998975992202759,0.452071875333786,0.6648253202438354,-0.0025493400171399117,0.9998660087585449,0.49826526641845703,0.7121778726577759,-0.27489519119262695,0.9943128228187561,0.4515853524208069,0.7121171355247498,-0.2666543424129486,0.9875002503395081,0.506037175655365,0.8626358509063721,-0.12821261584758759,0.9848166704177856,0.4543440043926239,0.8586846590042114,-0.12998682260513306,0.9798039197921753,0.5024799704551697,0.8765778541564941,-0.11850515007972717,0.8889003992080688,0.45843788981437683,0.8706275820732117,-0.12064799666404724,0.8891689777374268,0.5028513669967651,0.9191978573799133,-0.231906920671463,0.9795386791229248,0.4535979926586151,0.9194967150688171,-0.236543208360672,0.9774429202079773
yena_sit_to_stand_normal_02,108,36,3.600453400503778,29.99622213826974,10,0.4754570424556732,0.3987811803817749,-0.1835264265537262,0.9999876618385315,0.4809923470020294,0.3886245787143707,-0.16626670956611633,0.9999702572822571,0.4841458201408386,0.38907530903816223,-0.1662636250257492,0.9999686479568481,0.4867847263813019,0.3895561397075653,-0.16625823080539703,0.9999662637710571,0.47097358107566833,0.3880099058151245,-0.16796384751796722,0.9999631643295288,0.46733352541923523,0.38818931579589844,-0.16803660988807678,0.9999609589576721,0.46435463428497314,0.38856878876686096,-0.16805456578731537,0.9999616742134094,0.49088847637176514,0.39858871698379517,-0.07983222603797913,0.9999517798423767,0.45981359481811523,0.3971131443977356,-0.08892103284597397,0.9999403357505798,0.481079638004303,0.41655951738357544,-0.1519930064678192,0.9999860525131226,0.46895357966423035,0.4160251319408417,-0.1548052579164505,0.9999855160713196,0.5120043158531189,0.4890437424182892,-0.04574894905090332,0.9999825358390808,0.43576690554618835,0.4879750609397888,-0.05146843194961548,0.9999597072601318,0.5219279527664185,0.5891161561012268,-0.07098019123077393,0.9913619160652161,0.42232197523117065,0.5819537043571472,-0.08467154949903488,0.9899564385414124,0.5024261474609375,0.6567006707191467,-0.17716021835803986,0.9797763228416443,0.44538214802742004,0.653678834438324,-0.19808003306388855,0.9741556644439697,0.5022236108779907,0.683230996131897,-0.20857490599155426,0.9604939222335815,0.4453832507133484,0.6804114580154419,-0.23001284897327423,0.9490442276000977,0.49448928236961365,0.6755549311637878,-0.22244876623153687,0.9620177149772644,0.4528312385082245,0.6748112440109253,-0.24020478129386902,0.9506400227546692,0.4926144480705261,0.6673390865325928,-0.18419529497623444,0.9502949118614197,0.45403334498405457,0.6655184626579285,-0.20350781083106995,0.9382002949714661,0.4983050525188446,0.6628258228302002,0.002654849551618099,0.9999048113822937,0.4519285559654236,0.6650546789169312,-0.0025684989523142576,0.9998739361763,0.49793195724487305,0.7142053246498108,-0.2773713171482086,0.9944974780082703,0.45175889134407043,0.7121253609657288,-0.2690226435661316,0.987632691860199,0.5057380199432373,0.8617504239082336,-0.11335776746273041,0.9850910305976868,0.4543371796607971,0.8584171533584595,-0.11785876005887985,0.9804090857505798,0.5025487542152405,0.875340461730957,-0.10122404247522354,0.8894947171211243,0.45792633295059204,0.8703737854957581,-0.10631957650184631,0.8913430571556091,0.5027373433113098,0.9196504950523376,-0.21384446322917938,0.9801082611083984,0.4537161886692047,0.9195111989974976,-0.22374890744686127,0.9783055186271667
yena_sit_to_stand_normal_02,111,37,3.7004659949622165,29.99622213826974,10,0.4752572774887085,0.39926210045814514,-0.1962645798921585,0.9999887943267822,0.48077911138534546,0.3887689411640167,-0.17934386432170868,0.999972939491272,0.48394232988357544,0.38919347524642944,-0.17933592200279236,0.9999715089797974,0.48660093545913696,0.3896820545196533,-0.1793270707130432,0.9999693632125854,0.47080010175704956,0.3882022202014923,-0.18065299093723297,0.9999665021896362,0.4671930968761444,0.3883761763572693,-0.18072833120822906,0.9999645948410034,0.4642370343208313,0.38871827721595764,-0.18074651062488556,0.999965250492096,0.4907498359680176,0.3987272083759308,-0.09260768443346024,0.9999560117721558,0.4597523510456085,0.39737197756767273,-0.09981802105903625,0.9999455809593201,0.4809272587299347,0.41695305705070496,-0.16466614603996277,0.9999874234199524,0.46878084540367126,0.41661423444747925,-0.16690237820148468,0.9999869465827942,0.5122137665748596,0.4890676438808441,-0.056865472346544266,0.9999837875366211,0.43569210171699524,0.4880910813808441,-0.05854330584406853,0.9999619126319885,0.5230279564857483,0.5895051956176758,-0.07801610976457596,0.9915781617164612,0.4219028353691101,0.5823534727096558,-0.08737052977085114,0.9899017214775085,0.5023758411407471,0.6571373343467712,-0.18331196904182434,0.980383574962616,0.4453326165676117,0.6541939377784729,-0.20120863616466522,0.9742974042892456,0.5016864538192749,0.6832919716835022,-0.21504251658916473,0.9617279171943665,0.44535505771636963,0.6805801391601562,-0.23357295989990234,0.9495975375175476,0.49428072571754456,0.6755736470222473,-0.22850526869297028,0.9632160663604736,0.45277735590934753,0.6748337149620056,-0.244310200214386,0.951209545135498,0.4925060272216797,0.667316198348999,-0.19012948870658875,0.951633095741272,0.4539487063884735,0.6655300259590149,-0.20690427720546722,0.9386972784996033,0.4983070194721222,0.6629641056060791,0.002120286226272583,0.9999097585678101,0.4519260823726654,0.6650421023368835,-0.002036105375736952,0.9998793601989746,0.4979242980480194,0.7144849300384521,-0.27628305554389954,0.9946691393852234,0.45179033279418945,0.7121361494064331,-0.26985350251197815,0.9877603650093079,0.5052610039710999,0.8615251183509827,-0.10934912413358688,0.9854472875595093,0.45446687936782837,0.860344648361206,-0.11733541637659073,0.9810380339622498,0.5022731423377991,0.8748686909675598,-0.09747419506311417,0.8907138705253601,0.4581223428249359,0.872663676738739,-0.10598219186067581,0.8943382501602173,0.5022966265678406,0.9199180603027344,-0.21136578917503357,0.9806862473487854,0.45375433564186096,0.920072078704834,-0.22377410531044006,0.979107141494751
yena_sit_to_stand_normal_02,114,38,3.800478589420655,29.99622213826974,10,0.4747481942176819,0.39957395195961,-0.19475387036800385,0.9999898076057434,0.48059430718421936,0.3889758586883545,-0.17793719470500946,0.9999753832817078,0.4838384687900543,0.3893958330154419,-0.17792817950248718,0.9999741315841675,0.4865666627883911,0.38991156220436096,-0.17792075872421265,0.9999721646308899,0.47034770250320435,0.38833704590797424,-0.17917847633361816,0.999969482421875,0.46684911847114563,0.3884822428226471,-0.17925357818603516,0.9999678730964661,0.46397665143013,0.3888018727302551,-0.17927204072475433,0.9999684691429138,0.49080589413642883,0.39905861020088196,-0.09136814624071121,0.9999598860740662,0.4596553444862366,0.39751771092414856,-0.09864483028650284,0.9999503493309021,0.4807230234146118,0.41741734743118286,-0.16318830847740173,0.9999886155128479,0.4682881534099579,0.41704437136650085,-0.16538476943969727,0.9999881982803345,0.5122851729393005,0.4890878200531006,-0.055491480976343155,0.9999849796295166,0.4354330003261566,0.4882669448852539,-0.057132620364427567,0.9999638199806213,0.5240346789360046,0.59097820520401,-0.07373999804258347,0.9917844533920288,0.4213058650493622,0.583633303642273,-0.0809374675154686,0.9897667765617371,0.502122163772583,0.6579122543334961,-0.17361170053482056,0.9808936715126038,0.4452962279319763,0.6554970145225525,-0.19088032841682434,0.9740777611732483,0.5014618039131165,0.6839042901992798,-0.2044704109430313,0.962794303894043,0.4453403651714325,0.681731641292572,-0.22221988439559937,0.9496613144874573,0.4939260184764862,0.6759616732597351,-0.2177746295928955,0.9642665386199951,0.4528176486492157,0.6755002737045288,-0.23283901810646057,0.951330304145813,0.4922136664390564,0.6675979495048523,-0.1801646500825882,0.9528637528419495,0.4539729952812195,0.6660140752792358,-0.19639888405799866,0.9386823773384094,0.4983021020889282,0.6641413569450378,0.0018939758883789182,0.9999154806137085,0.4518696069717407,0.6667051911354065,-0.0018097636057063937,0.9998846650123596,0.4975498914718628,0.7144834995269775,-0.28533169627189636,0.9948345422744751,0.45233526825904846,0.710956335067749,-0.2692472040653229,0.9878665208816528,0.5052499771118164,0.8614199161529541,-0.11145882308483124,0.9857866168022156,0.4545769989490509,0.8597831726074219,-0.11078139394521713,0.9815568327903748,0.5023489594459534,0.8748130798339844,-0.09774280339479446,0.891572117805481,0.4582705795764923,0.8725430369377136,-0.09869705885648727,0.8971399068832397,0.5020107626914978,0.9199368953704834,-0.21291998028755188,0.981243371963501,0.45412352681159973,0.9203785061836243,-0.21526524424552917,0.9798470735549927
yena_sit_to_stand_normal_02,117,39,3.900491183879093,29.99622213826974,10,0.47449085116386414,0.40263980627059937,-0.2020486742258072,0.999990701675415,0.4805288016796112,0.39119383692741394,-0.18600137531757355,0.9999775290489197,0.48382195830345154,0.39173054695129395,-0.18598811328411102,0.999976396560669,0.48656150698661804,0.39245840907096863,-0.1859823316335678,0.9999746084213257,0.47017785906791687,0.3900749385356903,-0.18666456639766693,0.9999721646308899,0.46671152114868164,0.390073299407959,-0.18673628568649292,0.9999707937240601,0.4638678729534149,0.3903571665287018,-0.1867489218711853,0.999971330165863,0.49091166257858276,0.401338666677475,-0.10114029049873352,0.9999631643295288,0.4596475660800934,0.39917832612991333,-0.10558141022920609,0.9999545812606812,0.4804131090641022,0.42046046257019043,-0.17091083526611328,0.9999896883964539,0.46782293915748596,0.42051246762275696,-0.1723361611366272,0.9999893307685852,0.5125859379768372,0.49020901322364807,-0.06298355013132095,0.9999859929084778,0.4354357421398163,0.4891068637371063,-0.06277234852313995,0.9999657869338989,0.5256608128547668,0.5931397080421448,-0.07593278586864471,0.9920127987861633,0.42097339034080505,0.5845423936843872,-0.08184103667736053,0.9898509383201599,0.5021781921386719,0.657896101474762,-0.17396055161952972,0.9815627932548523,0.44530966877937317,0.6568578481674194,-0.18938031792640686,0.9741877913475037,0.5014212131500244,0.6839175820350647,-0.20482906699180603,0.9640700817108154,0.44548049569129944,0.6833139061927795,-0.22041378915309906,0.9499288201332092,0.49391764402389526,0.6759089827537537,-0.2182677835226059,0.9655038118362427,0.45307663083076477,0.6771948337554932,-0.23066647350788116,0.9516009092330933,0.4922039210796356,0.6674661040306091,-0.18053464591503143,0.9542901515960693,0.4541254937648773,0.6676177382469177,-0.19460567831993103,0.9388840198516846,0.4979977011680603,0.6643290519714355,0.0018039324786514044,0.9999199509620667,0.45183536410331726,0.666802167892456,-0.0017287475056946278,0.9998891353607178,0.49763134121894836,0.7153379321098328,-0.27480611205101013,0.994937539100647,0.45236527919769287,0.7114366292953491,-0.2569073438644409,0.9879882335662842,0.505109429359436,0.8613770008087158,-0.1099453940987587,0.9861218333244324,0.4541338384151459,0.8606697916984558,-0.10625415295362473,0.9821291565895081,0.5021302103996277,0.8757250905036926,-0.09757748246192932,0.8928760290145874,0.4572274386882782,0.8730277419090271,-0.09506599605083466,0.8995928168296814,0.501817524433136,0.9181936383247375,-0.20910859107971191,0.9817123413085938,0.45267578959465027,0.9204592108726501,-0.20839567482471466,0.9805068969726562
yena_sit_to_stand_normal_02,120,40,4.0005037783375315,29.99622213826974,10,0.4744836091995239,0.40506842732429504,-0.21880771219730377,0.9999914765357971,0.4805329740047455,0.39297881722450256,-0.20255035161972046,0.9999793767929077,0.48381441831588745,0.39350810647010803,-0.2025400698184967,0.9999783635139465,0.48660704493522644,0.39431560039520264,-0.20253828167915344,0.9999766945838928,0.4701389968395233,0.39204201102256775,-0.20265956223011017,0.9999743700027466,0.4666968584060669,0.3921056091785431,-0.20273233950138092,0.9999732971191406,0.46382853388786316,0.3926256597042084,-0.2027488350868225,0.9999737739562988,0.49113836884498596,0.40343838930130005,-0.11539044976234436,0.9999660849571228,0.45975950360298157,0.4024360775947571,-0.11672408133745193,0.9999581575393677,0.4804316759109497,0.4234921634197235,-0.186690554022789,0.9999906420707703,0.4677906632423401,0.4235522150993347,-0.18723993003368378,0.9999903440475464,0.5137503147125244,0.4931790828704834,-0.07398895174264908,0.9999869465827942,0.43558216094970703,0.49080732464790344,-0.06852294504642487,0.9999674558639526,0.5267202258110046,0.5948163270950317,-0.08720282465219498,0.9922488331794739,0.42086049914360046,0.5863524079322815,-0.0850294828414917,0.989785373210907,0.5020748376846313,0.6584783792495728,-0.19062970578670502,0.981881856918335,0.4454283118247986,0.660311222076416,-0.19015470147132874,0.9736291766166687,0.501107394695282,0.684257984161377,-0.2223374843597412,0.9646942019462585,0.44607850909233093,0.6866077780723572,-0.22079439461231232,0.9489427208900452,0.4935699701309204,0.6760753393173218,-0.23628894984722137,0.9661087393760681,0.453502357006073,0.6820468902587891,-0.23201848566532135,0.9506476521492004,0.4918096959590912,0.6675854325294495,-0.19742073118686676,0.954855740070343,0.45446208119392395,0.6729344129562378,-0.19562728703022003,0.9374514818191528,0.49860063195228577,0.6641767024993896,0.0005438104853965342,0.9999234080314636,0.45239782333374023,0.6662757992744446,-0.0004917002515867352,0.9998914003372192,0.4973508417606354,0.7163134217262268,-0.27313175797462463,0.9950608611106873,0.4523961842060089,0.7154730558395386,-0.24284201860427856,0.988021731376648,0.5050808191299438,0.8623694181442261,-0.10428396612405777,0.9865188598632812,0.45524412393569946,0.8613166809082031,-0.09104706346988678,0.9825701713562012,0.5021402835845947,0.876064658164978,-0.09219025820493698,0.893612265586853,0.458731085062027,0.8733525276184082,-0.08031105250120163,0.9014711380004883,0.5018131136894226,0.9190937876701355,-0.20675118267536163,0.9821105003356934,0.45248597860336304,0.9222515225410461,-0.19605012238025665,0.9809913039207458
yena_sit_to_stand_normal_02,123,41,4.10051637279597,29.99622213826974,10,0.474654883146286,0.4123004674911499,-0.21542590856552124,0.9999922513961792,0.48068249225616455,0.4000089466571808,-0.19994096457958221,0.9999812841415405,0.48383766412734985,0.40036332607269287,-0.19993393123149872,0.9999803900718689,0.4867386817932129,0.4008523225784302,-0.19993489980697632,0.9999788403511047,0.4702906906604767,0.39898204803466797,-0.2001931071281433,0.9999766945838928,0.4668320119380951,0.399013876914978,-0.20026852190494537,0.9999757409095764,0.4638901352882385,0.3993057608604431,-0.20028065145015717,0.9999762177467346,0.49130311608314514,0.40860438346862793,-0.11235252022743225,0.9999691843986511,0.460157573223114,0.40677303075790405,-0.11459530144929886,0.9999619126319885,0.48066046833992004,0.42934614419937134,-0.1827181726694107,0.9999915361404419,0.4678597152233124,0.4291731119155884,-0.18356257677078247,0.9999912977218628,0.5145263671875,0.49549198150634766,-0.07111075520515442,0.9999880194664001,0.435586541891098,0.4932336211204529,-0.06818962097167969,0.9999694228172302,0.5275186896324158,0.595257043838501,-0.0832027941942215,0.9926405549049377,0.4208432137966156,0.5888733267784119,-0.08030352741479874,0.9899241924285889,0.5020485520362854,0.6613491177558899,-0.18266481161117554,0.9826393723487854,0.4454450309276581,0.6624290347099304,-0.18365971744060516,0.9733056426048279,0.500898540019989,0.6875945329666138,-0.21381235122680664,0.966037929058075,0.44642218947410583,0.6896477341651917,-0.21404379606246948,0.9483703374862671,0.493426114320755,0.679803729057312,-0.2270367443561554,0.9674066305160522,0.4542542099952698,0.6849849224090576,-0.22469423711299896,0.9501582980155945,0.4917435944080353,0.6716527938842773,-0.18905621767044067,0.9565021395683289,0.4551057517528534,0.6757966876029968,-0.18888145685195923,0.9368970394134521,0.4984329342842102,0.6656742691993713,0.0005206923233345151,0.9999274611473083,0.45212990045547485,0.6669089198112488,-0.0004539500514511019,0.9998940825462341,0.4961422383785248,0.7152666449546814,-0.28625398874282837,0.9952173829078674,0.4527488648891449,0.7118603587150574,-0.2638987600803375,0.9883044958114624,0.5049941539764404,0.8623574376106262,-0.13499626517295837,0.9869105219841003,0.4550345242023468,0.8640663623809814,-0.13173329830169678,0.9831172227859497,0.5021311044692993,0.8761134743690491,-0.1242876872420311,0.8970005512237549,0.4587792754173279,0.875575840473175,-0.12228768318891525,0.9053119421005249,0.5014731884002686,0.919109046459198,-0.23954439163208008,0.9826902151107788,0.4531640410423279,0.9231551289558411,-0.2398795187473297,0.9816234111785889
yena_sit_to_stand_normal_02,126,42,4.200528967254408,29.99622213826974,10,0.47448262572288513,0.41980379819869995,-0.2138991355895996,0.9999929070472717,0.4805780351161957,0.406238317489624,-0.1978127658367157,0.9999828338623047,0.48367899656295776,0.40653637051582336,-0.19780369102954865,0.9999820590019226,0.4864932894706726,0.40723860263824463,-0.19780443608760834,0.999980628490448,0.47022756934165955,0.4058106243610382,-0.19804640114307404,0.9999785423278809,0.46682021021842957,0.40606215596199036,-0.1981213092803955,0.9999778270721436,0.46384361386299133,0.40641042590141296,-0.1981346309185028,0.999978244304657,0.4913092255592346,0.4145648777484894,-0.11303341388702393,0.9999716281890869,0.460533082485199,0.41311076283454895,-0.11360196769237518,0.9999649524688721,0.4806445837020874,0.4360719323158264,-0.181032195687294,0.999992311000824,0.4678446054458618,0.43601638078689575,-0.18310372531414032,0.9999921321868896,0.5156263113021851,0.4966617822647095,-0.07015397399663925,0.9999889731407166,0.43558794260025024,0.4957226812839508,-0.06796300411224365,0.9999714493751526,0.5274975299835205,0.5965948700904846,-0.06984786689281464,0.992851734161377,0.4208287000656128,0.5892000794410706,-0.06976976990699768,0.9902278184890747,0.5017051696777344,0.6630123853683472,-0.1596156805753708,0.983005166053772,0.44596967101097107,0.664497435092926,-0.15816360712051392,0.9734858274459839,0.500320553779602,0.6901557445526123,-0.18906620144844055,0.9666539430618286,0.4469200074672699,0.6922458410263062,-0.18626579642295837,0.9485194683074951,0.49267202615737915,0.6824401617050171,-0.20313791930675507,0.9680208563804626,0.45470160245895386,0.6884302496910095,-0.19713617861270905,0.9503722190856934,0.4910030961036682,0.6741058826446533,-0.1662018597126007,0.9573028087615967,0.4555436670780182,0.6796051263809204,-0.16311411559581757,0.9373528361320496,0.4994151294231415,0.6653517484664917,0.0005102485883980989,0.9999300837516785,0.45331352949142456,0.6660234928131104,-0.0004352734249550849,0.9998950362205505,0.49615582823753357,0.7139757871627808,-0.287106990814209,0.9952781200408936,0.453698068857193,0.7092911601066589,-0.2610436677932739,0.988426923751831,0.5048710107803345,0.862059473991394,-0.1413051337003708,0.9871183633804321,0.4553622007369995,0.859239935874939,-0.13084004819393158,0.9833941459655762,0.5021507740020752,0.8757754564285278,-0.13076184689998627,0.9001241326332092,0.4587477147579193,0.87088543176651,-0.12147276848554611,0.9083153009414673,0.501602292060852,0.9191129803657532,-0.2418259084224701,0.9830657243728638,0.453142911195755,0.9230703115463257,-0.23387178778648376,0.9819493293762207
yena_sit_to_stand_normal_02,129,43,4.300541561712846,29.99622213826974,10,0.47450339794158936,0.42810773849487305,-0.2275082767009735,0.9999934434890747,0.4805639088153839,0.41362106800079346,-0.21527205407619476,0.9999840259552002,0.48357856273651123,0.41379275918006897,-0.215256467461586,0.9999833703041077,0.4863710105419159,0.4140770733356476,-0.21526457369327545,0.9999819993972778,0.4702375531196594,0.41346773505210876,-0.21507395803928375,0.9999799728393555,0.4668387472629547,0.4132715165615082,-0.21514995396137238,0.9999794960021973,0.4638412892818451,0.4133254289627075,-0.21516834199428558,0.9999799132347107,0.491312175989151,0.42053651809692383,-0.1341782510280609,0.9999736547470093,0.46067553758621216,0.41926681995391846,-0.1339828222990036,0.9999673962593079,0.4807983636856079,0.44327330589294434,-0.19573108851909637,0.9999930262565613,0.46804744005203247,0.4437727928161621,-0.19602176547050476,0.999992847442627,0.5162972807884216,0.4989117681980133,-0.08231966942548752,0.9999897480010986,0.4355737864971161,0.4979996383190155,-0.07825663685798645,0.9999732971191406,0.5273181796073914,0.5988233685493469,-0.08121540397405624,0.9931647777557373,0.42171818017959595,0.5923482775688171,-0.07657203078269958,0.9904555082321167,0.5009047389030457,0.6665454506874084,-0.1648966372013092,0.9832945466041565,0.44692686200141907,0.6682737469673157,-0.16306930780410767,0.97285395860672,0.49986764788627625,0.6956278085708618,-0.19467231631278992,0.966986358165741,0.4477406144142151,0.6954236030578613,-0.19066117703914642,0.9470177888870239,0.492118775844574,0.6888925433158875,-0.20870614051818848,0.9683484435081482,0.45585381984710693,0.6909140944480896,-0.20212747156620026,0.9490362405776978,0.49061405658721924,0.6798412799835205,-0.17151591181755066,0.9577735662460327,0.45681044459342957,0.6818175911903381,-0.1682395190000534,0.9360722899436951,0.4993259310722351,0.6639754176139832,0.00032136516529135406,0.9999300837516785,0.45312151312828064,0.6641829013824463,-0.00021716213086619973,0.9998925924301147,0.49551934003829956,0.7143906950950623,-0.27118417620658875,0.9953991174697876,0.4537103474140167,0.7093263864517212,-0.24498677253723145,0.9887139797210693,0.5039077401161194,0.8620445728302002,-0.14249157905578613,0.9874454736709595,0.45511847734451294,0.8658136129379272,-0.13683168590068817,0.9837713837623596,0.5015609860420227,0.8762147426605225,-0.1338621824979782,0.9032902121543884,0.4586828649044037,0.8789236545562744,-0.12994031608104706,0.9115338325500488,0.4998530447483063,0.9189465045928955,-0.24582983553409576,0.9834479689598083,0.4531290829181671,0.9239194989204407,-0.2432059496641159,0.9823052883148193
yena_sit_to_stand_normal_02,132,44,4.400554156171284,29.99622213826974,10,0.47482478618621826,0.439467191696167,-0.2665545642375946,0.999993622303009,0.4807914197444916,0.42477691173553467,-0.2562621831893921,0.9999840259552002,0.48371216654777527,0.4248239994049072,-0.25623977184295654,0.9999836087226868,0.4865582287311554,0.4249762296676636,-0.25625520944595337,0.9999820590019226,0.4703720510005951,0.42406561970710754,-0.2560427486896515,0.9999797940254211,0.4669331908226013,0.4234928488731384,-0.256125271320343,0.9999798536300659,0.4639655351638794,0.4231422245502472,-0.25615230202674866,0.9999803900718689,0.4916023910045624,0.4283497929573059,-0.1739984154701233,0.9999740123748779,0.4609742760658264,0.4272295832633972,-0.17338690161705017,0.9999679923057556,0.48107051849365234,0.45518216490745544,-0.23327979445457458,0.9999935030937195,0.46851569414138794,0.4557003974914551,-0.23327846825122833,0.9999933838844299,0.5168147087097168,0.49935558438301086,-0.10972825437784195,0.9999903440475464,0.43581658601760864,0.4980098009109497,-0.1050839051604271,0.9999749660491943,0.5270936489105225,0.5987919569015503,-0.09745912998914719,0.9933536648750305,0.421564519405365,0.5922349691390991,-0.08917329460382462,0.9908154606819153,0.49926644563674927,0.6689578890800476,-0.1762205958366394,0.9823277592658997,0.44730815291404724,0.6700602173805237,-0.16214804351329803,0.9722742438316345,0.49813610315322876,0.6978641748428345,-0.2036379873752594,0.9645938873291016,0.44835832715034485,0.6980283856391907,-0.1877792775630951,0.9450539946556091,0.4901275038719177,0.6921314001083374,-0.2187201976776123,0.9660654067993164,0.4567537307739258,0.6938775777816772,-0.20075556635856628,0.9472206830978394,0.4887908399105072,0.6834133267402649,-0.18286271393299103,0.9549047946929932,0.4576837718486786,0.6844927072525024,-0.16738981008529663,0.9339005351066589,0.49932023882865906,0.6601053476333618,-0.0003475331759545952,0.9999247789382935,0.45295798778533936,0.6599884629249573,0.00047350316890515387,0.9998806715011597,0.49480822682380676,0.7152876853942871,-0.25718462467193604,0.9952808022499084,0.453207790851593,0.7107929587364197,-0.22381895780563354,0.9882508516311646,0.50369793176651,0.8615419864654541,-0.12536555528640747,0.987197995185852,0.4551070034503937,0.8648021221160889,-0.11257410049438477,0.9829371571540833,0.5015997290611267,0.8736801743507385,-0.11672769486904144,0.9027867317199707,0.4586802124977112,0.8780685067176819,-0.1056835800409317,0.9109019041061401,0.4995562434196472,0.9180782437324524,-0.22906965017318726,0.9829018712043762,0.45339640974998474,0.9239993691444397,-0.21964029967784882,0.981410562992096
yena_sit_to_stand_normal_02,135,45,4.500566750629723,29.99622213826974,10,0.47590190172195435,0.45024579763412476,-0.25582900643348694,0.9999939203262329,0.4814082086086273,0.43581220507621765,-0.24734936654567719,0.9999844431877136,0.48416194319725037,0.4355335533618927,-0.24732375144958496,0.9999841451644897,0.4870372712612152,0.43540939688682556,-0.24734438955783844,0.9999825358390808,0.47079476714134216,0.43543940782546997,-0.24786563217639923,0.9999802112579346,0.46715959906578064,0.43510380387306213,-0.2479448765516281,0.9999806880950928,0.4640995264053345,0.434864342212677,-0.24796685576438904,0.9999812245368958,0.49198609590530396,0.436720073223114,-0.16961486637592316,0.9999749064445496,0.46098193526268005,0.43650829792022705,-0.17236609756946564,0.9999694228172302,0.4819589853286743,0.46460017561912537,-0.223439022898674,0.9999940395355225,0.46937957406044006,0.46700578927993774,-0.2243141382932663,0.9999939203262329,0.5172804594039917,0.5031313300132751,-0.10200571268796921,0.9999910593032837,0.435809463262558,0.5010861754417419,-0.10729659348726273,0.9999768733978271,0.5270490050315857,0.5988392233848572,-0.09573523700237274,0.9935408234596252,0.4235604405403137,0.5985738039016724,-0.09165320545434952,0.9912585616111755,0.49838539958000183,0.6688176989555359,-0.16732916235923767,0.9816693067550659,0.44830504059791565,0.6705554723739624,-0.15714873373508453,0.9725745320320129,0.4965533912181854,0.6978887915611267,-0.1935819685459137,0.9627223610877991,0.4493924379348755,0.6994337439537048,-0.18147523701190948,0.9451414346694946,0.4886071979999542,0.6922805905342102,-0.20786303281784058,0.9643105864524841,0.45751509070396423,0.6948333382606506,-0.1945912092924118,0.9474700093269348,0.4874780476093292,0.6833284497261047,-0.17376725375652313,0.9530820250511169,0.458453506231308,0.6850017309188843,-0.1622534841299057,0.9344986081123352,0.4993204176425934,0.6589031219482422,0.0004560279776342213,0.9999207854270935,0.4527972936630249,0.6573156714439392,-0.00030040828278288245,0.9998711943626404,0.4940824806690216,0.7152308821678162,-0.24835948646068573,0.9953527450561523,0.45177507400512695,0.710771381855011,-0.21764187514781952,0.9883147478103638,0.5028612017631531,0.8623634576797485,-0.1431540846824646,0.9873416423797607,0.45518672466278076,0.8647366762161255,-0.13028837740421295,0.98275226354599,0.5005627870559692,0.8753740191459656,-0.13692235946655273,0.905439555644989,0.45868635177612305,0.8763725757598877,-0.1256760209798813,0.9125156402587891,0.4994959235191345,0.9181828498840332,-0.24390269815921783,0.9829696416854858,0.4532185196876526,0.9240630269050598,-0.2328740954399109,0.9811601638793945
yena_sit_to_stand_normal_02,138,46,4.600579345088161,29.99622213826974,10,0.47669893503189087,0.4571317434310913,-0.2616890072822571,0.9999935030937195,0.48215362429618835,0.44294026494026184,-0.25505951046943665,0.9999821186065674,0.4850524663925171,0.44272541999816895,-0.25503799319267273,0.9999821782112122,0.48808974027633667,0.4425423741340637,-0.25507351756095886,0.9999799132347107,0.4712744653224945,0.4422138035297394,-0.2556856572628021,0.9999774694442749,0.46748003363609314,0.4417656660079956,-0.255770742893219,0.9999791383743286,0.46427926421165466,0.44127896428108215,-0.25580069422721863,0.9999799728393555,0.49312713742256165,0.44315290451049805,-0.18082834780216217,0.9999719858169556,0.46103906631469727,0.44161078333854675,-0.1835392862558365,0.9999681711196899,0.48256978392601013,0.4713480472564697,-0.2300489842891693,0.9999942779541016,0.46979662775993347,0.4735945761203766,-0.23100201785564423,0.9999942183494568,0.5175389051437378,0.5072557330131531,-0.10770078748464584,0.9999913573265076,0.43574321269989014,0.5048888921737671,-0.11756875365972519,0.9999784827232361,0.5270259380340576,0.601524293422699,-0.093177929520607,0.9935091733932495,0.42370137572288513,0.6039075255393982,-0.0970923900604248,0.9916868209838867,0.49807921051979065,0.6688544750213623,-0.15722377598285675,0.9787026047706604,0.4499060809612274,0.6718569397926331,-0.15458989143371582,0.9723933935165405,0.4960346221923828,0.6984305381774902,-0.18047302961349487,0.9565848112106323,0.4514484405517578,0.701454222202301,-0.1770521104335785,0.9441537261009216,0.4877093732357025,0.6924905180931091,-0.19459369778633118,0.958431601524353,0.45907825231552124,0.6962956786155701,-0.18973837792873383,0.9466856718063354,0.4866580069065094,0.6832553744316101,-0.16344724595546722,0.9464607834815979,0.4598431885242462,0.6860381364822388,-0.15935629606246948,0.9338290095329285,0.49879884719848633,0.6549422144889832,0.001736492500640452,0.9999122023582458,0.4522453546524048,0.6539599895477295,-0.0015924320323392749,0.9998555779457092,0.4931236505508423,0.7163330316543579,-0.22793518006801605,0.9951711297035217,0.45131367444992065,0.7159183025360107,-0.20172682404518127,0.987431526184082,0.5025038123130798,0.8633334636688232,-0.14053131639957428,0.9867200255393982,0.4552064538002014,0.8634008169174194,-0.12899096310138702,0.9806927442550659,0.5005356669425964,0.8753713369369507,-0.1340622454881668,0.9033423662185669,0.45826035737991333,0.8753862977027893,-0.12449610978364944,0.9081650972366333,0.4988769292831421,0.9172134399414062,-0.24280314147472382,0.9818852543830872,0.45327430963516235,0.9241870641708374,-0.23243074119091034,0.979231595993042
yena_sit_to_stand_normal_02,141,47,4.7005919395466,29.99622213826974,10,0.47698211669921875,0.46458348631858826,-0.2671472132205963,0.9999933242797852,0.4826125204563141,0.4484078288078308,-0.2615008056163788,0.9999808669090271,0.48555615544319153,0.44801411032676697,-0.261475533246994,0.9999812245368958,0.4887314438819885,0.4476792812347412,-0.261516273021698,0.9999786615371704,0.4714130461215973,0.44833892583847046,-0.26214203238487244,0.9999759793281555,0.4675329327583313,0.44800812005996704,-0.2622283697128296,0.9999784231185913,0.46443143486976624,0.4476698338985443,-0.2622481882572174,0.9999794363975525,0.4938136041164398,0.4482492506504059,-0.1886596381664276,0.9999708533287048,0.4610469937324524,0.4473933279514313,-0.1913793534040451,0.9999678134918213,0.48276644945144653,0.4786677062511444,-0.2356252372264862,0.9999945759773254,0.4698818624019623,0.47983318567276,-0.2365906536579132,0.9999945163726807,0.5175625681877136,0.5101027488708496,-0.11259607970714569,0.999991774559021,0.4354114830493927,0.5097290873527527,-0.1214255839586258,0.9999800324440002,0.5270114541053772,0.6039537787437439,-0.0925527960062027,0.9935888051986694,0.42406129837036133,0.6058634519577026,-0.09796939790248871,0.9921246767044067,0.4967330992221832,0.6689543128013611,-0.15666140615940094,0.9763532876968384,0.4513241648674011,0.6726298332214355,-0.15073958039283752,0.9720641374588013,0.49348214268684387,0.6987183094024658,-0.17973095178604126,0.9511275887489319,0.4528907537460327,0.7018951177597046,-0.1722092181444168,0.942743182182312,0.4854767620563507,0.6924560070037842,-0.19365578889846802,0.9531956315040588,0.4611833393573761,0.6965880393981934,-0.1844477355480194,0.9454986453056335,0.4848279356956482,0.6831405162811279,-0.16275395452976227,0.9406945705413818,0.4618496596813202,0.6865206956863403,-0.15516336262226105,0.9328304529190063,0.49877050518989563,0.6529101133346558,0.0018657547188922763,0.9999046921730042,0.4517221748828888,0.6515483856201172,-0.0017139421543106437,0.999843418598175,0.4916311502456665,0.7168759703636169,-0.22324174642562866,0.9950763583183289,0.4513135254383087,0.7158594727516174,-0.19725605845451355,0.9869073629379272,0.5023561120033264,0.8640466332435608,-0.15580296516418457,0.9863520264625549,0.45470938086509705,0.8643362522125244,-0.1427842676639557,0.9792523384094238,0.5031728148460388,0.8766449093818665,-0.1530122309923172,0.9026089310646057,0.4571298360824585,0.8771379590034485,-0.14122457802295685,0.9055042266845703,0.49948567152023315,0.9191903471946716,-0.2604934573173523,0.9812387228012085,0.4540022015571594,0.9248601794242859,-0.25000131130218506,0.9778993725776672
yena_sit_to_stand_normal_02,144,48,4.800604534005037,29.99622213826974,10,0.477364182472229,0.4687011241912842,-0.27539414167404175,0.999992847442627,0.4829826354980469,0.4527963697910309,-0.26925861835479736,0.9999784827232361,0.48608145117759705,0.45222434401512146,-0.2692505419254303,0.9999791383743286,0.4891521632671356,0.4517124593257904,-0.2693041265010834,0.9999761581420898,0.4716629981994629,0.45283958315849304,-0.27015528082847595,0.9999728798866272,0.46765145659446716,0.4525541663169861,-0.27025043964385986,0.9999762773513794,0.4645056128501892,0.4520971179008484,-0.2702823877334595,0.9999775290489197,0.49439558386802673,0.4512682855129242,-0.19251729547977448,0.9999678730964661,0.46105271577835083,0.4515247941017151,-0.196708545088768,0.9999659061431885,0.4829406142234802,0.48240339756011963,-0.2424139678478241,0.999994695186615,0.47024300694465637,0.4835800230503082,-0.24385195970535278,0.999994695186615,0.517646849155426,0.5133599638938904,-0.1130402609705925,0.9999920725822449,0.43493661284446716,0.5125094652175903,-0.12504050135612488,0.9999813437461853,0.5270205140113831,0.6079965829849243,-0.09177765250205994,0.993655264377594,0.4246712625026703,0.608923614025116,-0.10022494941949844,0.9925749897956848,0.49627870321273804,0.6690352559089661,-0.1572934240102768,0.9749316573143005,0.4521803557872772,0.6748656034469604,-0.15140995383262634,0.9723777174949646,0.4930763840675354,0.6990514397621155,-0.1807631552219391,0.9479462504386902,0.453525185585022,0.7033829689025879,-0.1746966540813446,0.9429791569709778,0.48558157682418823,0.6924052834510803,-0.19485916197299957,0.9500091671943665,0.4618501365184784,0.6976958513259888,-0.18690642714500427,0.945739209651947,0.4848971366882324,0.6828743815422058,-0.16344834864139557,0.9368701577186584,0.46256932616233826,0.68785560131073,-0.1561099886894226,0.9331291913986206,0.4980553090572357,0.6531438827514648,0.003060332965105772,0.9999051094055176,0.451202929019928,0.6514446139335632,-0.0028952299617230892,0.9998429417610168,0.49143192172050476,0.7169323563575745,-0.22844557464122772,0.9948952794075012,0.45142602920532227,0.7158137559890747,-0.2132045179605484,0.9863953590393066,0.5020827054977417,0.8671314716339111,-0.1621997207403183,0.9857538938522339,0.45472174882888794,0.8691986799240112,-0.1565890610218048,0.978159487247467,0.5005937814712524,0.8797256350517273,-0.15870214998722076,0.9034906029701233,0.4569748044013977,0.8806103467941284,-0.1542557179927826,0.9022735357284546,0.501737654209137,0.920525848865509,-0.2659305930137634,0.9808116555213928,0.45542746782302856,0.9258511066436768,-0.26628124713897705,0.9769803881645203
yena_sit_to_stand_normal_02,147,49,4.900617128463476,29.99622213826974,10,0.4773644506931305,0.47171682119369507,-0.28301140666007996,0.9999927878379822,0.48311254382133484,0.4557327330112457,-0.2778087854385376,0.9999777674674988,0.48627737164497375,0.45527514815330505,-0.27778422832489014,0.9999785423278809,0.4893290102481842,0.4548202157020569,-0.27783381938934326,0.9999755620956421,0.47179916501045227,0.45547544956207275,-0.2782233953475952,0.9999722242355347,0.4677320718765259,0.45507603883743286,-0.2783145606517792,0.9999759793281555,0.4645809531211853,0.45445552468299866,-0.27833229303359985,0.9999774694442749,0.4948797821998596,0.4542575180530548,-0.20321783423423767,0.999967098236084,0.4610538184642792,0.45296183228492737,-0.20510247349739075,0.9999659061431885,0.4828167259693146,0.48561733961105347,-0.25045353174209595,0.9999949336051941,0.47015678882598877,0.48614123463630676,-0.2512173652648926,0.9999949932098389,0.5176526308059692,0.514033317565918,-0.12270914763212204,0.9999924302101135,0.43488872051239014,0.5129022598266602,-0.12960202991962433,0.9999826550483704,0.5272513628005981,0.6081692576408386,-0.09989095479249954,0.9937232732772827,0.4246598780155182,0.6085484027862549,-0.10256116092205048,0.9929795265197754,0.49624234437942505,0.6691474914550781,-0.16145539283752441,0.9732068777084351,0.452278733253479,0.6758742332458496,-0.1525016874074936,0.9723912477493286,0.4931120276451111,0.6993698477745056,-0.18443052470684052,0.9436167478561401,0.4535471796989441,0.7043625712394714,-0.17523272335529327,0.9422350525856018,0.4856313467025757,0.6924434304237366,-0.19832156598567963,0.9458777904510498,0.4619225859642029,0.6986768245697021,-0.18763034045696259,0.9451664090156555,0.4849170446395874,0.6828169226646423,-0.16741742193698883,0.9321550130844116,0.46264082193374634,0.6889320015907288,-0.15726886689662933,0.9327523112297058,0.4981200098991394,0.6526364684104919,0.0030282502993941307,0.9999027252197266,0.45154044032096863,0.6509679555892944,-0.0028631025925278664,0.9998391270637512,0.4914415180683136,0.7170830965042114,-0.22963880002498627,0.9948402047157288,0.4545104205608368,0.7158491015434265,-0.2074018120765686,0.9861427545547485,0.5020219087600708,0.8678960800170898,-0.15981212258338928,0.9854791164398193,0.45491012930870056,0.8690168261528015,-0.15054893493652344,0.9774234294891357,0.5028214454650879,0.8800054788589478,-0.15635946393013,0.9030646085739136,0.45452749729156494,0.878888726234436,-0.14796903729438782,0.9006712436676025,0.501197099685669,0.921491801738739,-0.2644750475883484,0.9805223345756531,0.4559847414493561,0.924696683883667,-0.2585354447364807,0.9763643741607666
yena_sit_to_stand_normal_02,150,50,5.000629722921914,29.99622213826974,10,0.4775247573852539,0.47187748551368713,-0.3180159032344818,0.9999915957450867,0.48330745100975037,0.4559723138809204,-0.3126755952835083,0.9999743103981018,0.48656561970710754,0.45549440383911133,-0.3126569390296936,0.9999752640724182,0.4895506501197815,0.4550042152404785,-0.31271180510520935,0.9999719262123108,0.4722324013710022,0.45563095808029175,-0.3129517436027527,0.9999681115150452,0.46809709072113037,0.45512887835502625,-0.3130452334880829,0.9999727010726929,0.4647367298603058,0.4543286859989166,-0.3130616247653961,0.9999746084213257,0.49521052837371826,0.45408138632774353,-0.23515978455543518,0.999963641166687,0.46109622716903687,0.4523714482784271,-0.23666176199913025,0.9999634027481079,0.4828161895275116,0.48580196499824524,-0.2842593193054199,0.9999948740005493,0.47028160095214844,0.48611319065093994,-0.28486764430999756,0.9999949932098389,0.5176399946212769,0.5138263702392578,-0.15170183777809143,0.9999926090240479,0.43457698822021484,0.513097882270813,-0.1528386026620865,0.9999836683273315,0.5275477766990662,0.6080156564712524,-0.13051553070545197,0.9938534498214722,0.4246450364589691,0.6083071231842041,-0.12350978702306747,0.9932896494865417,0.4957173466682434,0.669414222240448,-0.19579188525676727,0.9718995094299316,0.4524795413017273,0.6760739088058472,-0.17788785696029663,0.9718602895736694,0.49264103174209595,0.6997498273849487,-0.22039134800434113,0.9396834373474121,0.4538184702396393,0.704861581325531,-0.19976839423179626,0.9401160478591919,0.4856010675430298,0.6930961012840271,-0.23350046575069427,0.9420165419578552,0.4623049199581146,0.6989814639091492,-0.21289505064487457,0.9432423710823059,0.4849241375923157,0.6828730702400208,-0.20141951739788055,0.9274640679359436,0.46299460530281067,0.6890363693237305,-0.18276117742061615,0.9306325316429138,0.4978634715080261,0.6482174396514893,0.0022747302427887917,0.9998963475227356,0.4514540433883667,0.6469997763633728,-0.0021188536193221807,0.999828040599823,0.49139681458473206,0.7216067314147949,-0.21792349219322205,0.9943973422050476,0.454202800989151,0.7160845398902893,-0.19342103600502014,0.9848036766052246,0.5018889307975769,0.8690522909164429,-0.14543810486793518,0.9842029809951782,0.4549409747123718,0.8692280054092407,-0.13276585936546326,0.9750459790229797,0.502784013748169,0.880097508430481,-0.14230701327323914,0.8994124531745911,0.4541560709476471,0.8786658644676208,-0.1306951493024826,0.8941894769668579,0.5011465549468994,0.9217695593833923,-0.25168269872665405,0.9790669083595276,0.45592308044433594,0.9247052669525146,-0.24278196692466736,0.9743717312812805
yena_sit_to_stand_normal_02,153,51,5.100642317380353,29.99622213826974,10,0.4778324365615845,0.4694082736968994,-0.30362269282341003,0.9999913573265076,0.4835207164287567,0.4527391493320465,-0.2971498668193817,0.9999725818634033,0.48689761757850647,0.45227786898612976,-0.2971368134021759,0.9999735951423645,0.48981449007987976,0.4518081247806549,-0.2971881926059723,0.9999700784683228,0.4724269211292267,0.4525451362133026,-0.2977748215198517,0.9999660849571228,0.46828439831733704,0.452044278383255,-0.2978735864162445,0.999971330165863,0.4648236632347107,0.4513643682003021,-0.29790109395980835,0.999973475933075,0.49568405747413635,0.45140373706817627,-0.21953295171260834,0.9999604821205139,0.4611009657382965,0.44982269406318665,-0.2214459329843521,0.9999616742134094,0.48294639587402344,0.48319870233535767,-0.2696729004383087,0.9999949336051941,0.47035595774650574,0.4839516580104828,-0.2707921266555786,0.9999951720237732,0.5177360773086548,0.5121532678604126,-0.14936845004558563,0.9999927282333374,0.4340749979019165,0.5119895339012146,-0.1431570202112198,0.9999844431877136,0.5272440314292908,0.6079643964767456,-0.1110200509428978,0.9937803745269775,0.4250434637069702,0.607323169708252,-0.11718626320362091,0.9936074018478394,0.49585992097854614,0.6696844100952148,-0.17660123109817505,0.970317006111145,0.45250922441482544,0.6760655045509338,-0.1718246340751648,0.9719095826148987,0.4936423897743225,0.6998847723007202,-0.20136713981628418,0.9368112683296204,0.4536456763744354,0.7048375606536865,-0.19385121762752533,0.939984142780304,0.486271470785141,0.6931295394897461,-0.22062058746814728,0.9391685724258423,0.46216079592704773,0.6990240812301636,-0.20740261673927307,0.9431880712509155,0.48524048924446106,0.682858943939209,-0.18455740809440613,0.9239727258682251,0.46297919750213623,0.6891767382621765,-0.1766848862171173,0.9306538701057434,0.4978550374507904,0.6485164165496826,0.0027097915299236774,0.9998990297317505,0.4514283537864685,0.6469984650611877,-0.0025433218106627464,0.9998314380645752,0.4911821782588959,0.7195572853088379,-0.23725256323814392,0.9943962693214417,0.4556528925895691,0.7158615589141846,-0.21887239813804626,0.9847187995910645,0.5018420219421387,0.8674020171165466,-0.1550975888967514,0.9841368794441223,0.45511120557785034,0.8691980838775635,-0.15220914781093597,0.9750126600265503,0.501808762550354,0.8800752758979797,-0.15102799236774445,0.9006335735321045,0.45543697476387024,0.8822358250617981,-0.1494452804327011,0.8933817744255066,0.49966344237327576,0.9215306043624878,-0.26314300298690796,0.9793186783790588,0.4563998281955719,0.9245409965515137,-0.2653621435165405,0.974487841129303
yena_sit_to_stand_normal_02,156,52,5.200654911838791,29.99622213826974,10,0.478269100189209,0.457548588514328,-0.2754870057106018,0.9999914765357971,0.4838714897632599,0.44256076216697693,-0.2693999707698822,0.9999725222587585,0.48725801706314087,0.4423643946647644,-0.26938942074775696,0.9999735951423645,0.49016204476356506,0.44207119941711426,-0.26943904161453247,0.9999698996543884,0.4730278253555298,0.4417007863521576,-0.27032336592674255,0.9999662041664124,0.46898284554481506,0.4409611225128174,-0.270412802696228,0.9999716281890869,0.4654535949230194,0.44019177556037903,-0.2704431712627411,0.999973714351654,0.4959881603717804,0.44238871335983276,-0.19485057890415192,0.9999603033065796,0.4611697494983673,0.4395321011543274,-0.1991942822933197,0.9999622106552124,0.48307541012763977,0.4730280935764313,-0.24340075254440308,0.9999951720237732,0.4705437123775482,0.47402113676071167,-0.24487759172916412,0.9999954700469971,0.5178874731063843,0.5037781596183777,-0.12285847961902618,0.9999929666519165,0.43405282497406006,0.5030235052108765,-0.1312091201543808,0.9999852776527405,0.5263621807098389,0.6025781035423279,-0.10273361951112747,0.9937635064125061,0.42616161704063416,0.6047491431236267,-0.11147140711545944,0.9937974810600281,0.49733826518058777,0.6693617701530457,-0.1741073578596115,0.9693936109542847,0.4525046944618225,0.6760658025741577,-0.16803129017353058,0.9715958833694458,0.49549248814582825,0.6997217535972595,-0.20017075538635254,0.9352136850357056,0.45358502864837646,0.7047990560531616,-0.19179506599903107,0.9395027160644531,0.4877895414829254,0.6925033926963806,-0.21947696805000305,0.9377160668373108,0.4614512324333191,0.6990115642547607,-0.20534701645374298,0.9429356455802917,0.4864810109138489,0.6820721626281738,-0.18232788145542145,0.9226294159889221,0.46281155943870544,0.6891761422157288,-0.1731559932231903,0.9307764172554016,0.4978804290294647,0.6471074819564819,0.003012443659827113,0.9998957514762878,0.45115378499031067,0.6455363631248474,-0.0028385231271386147,0.9998276233673096,0.4911951720714569,0.7195076942443848,-0.23589034378528595,0.9943224191665649,0.45428821444511414,0.7142186760902405,-0.21637678146362305,0.984504222869873,0.5018301606178284,0.8672511577606201,-0.15378259122371674,0.9835472702980042,0.45510703325271606,0.8690385222434998,-0.1515895426273346,0.9745503067970276,0.5003664493560791,0.8798255324363708,-0.14923818409442902,0.8997694253921509,0.4560859799385071,0.882125973701477,-0.14888018369674683,0.8913403749465942,0.49988269805908203,0.9217354655265808,-0.2554205060005188,0.9786322116851807,0.45638716220855713,0.924744725227356,-0.2613445520401001,0.9737239480018616
yena_sit_to_stand_normal_02,159,53,5.300667506297229,29.99622213826974,10,0.4789699614048004,0.4465285837650299,-0.3068862557411194,0.9999913573265076,0.48443278670310974,0.4312078058719635,-0.30119162797927856,0.9999719858169556,0.4878234565258026,0.43072742223739624,-0.30118098855018616,0.9999728798866272,0.4907256066799164,0.4303513467311859,-0.30124273896217346,0.9999693036079407,0.47358930110931396,0.4309259355068207,-0.3020316958427429,0.9999656081199646,0.4694362282752991,0.430329293012619,-0.3021325170993805,0.9999710917472839,0.4658273756504059,0.42993128299713135,-0.30216845870018005,0.9999734163284302,0.49627000093460083,0.4306494891643524,-0.22301049530506134,0.9999592900276184,0.4612622857093811,0.42967304587364197,-0.22761644423007965,0.9999620318412781,0.4835642874240875,0.4616972804069519,-0.2730922996997833,0.9999952912330627,0.4714341461658478,0.4638126790523529,-0.27463075518608093,0.9999956488609314,0.5180192589759827,0.49368274211883545,-0.14083494246006012,0.9999930262565613,0.43419691920280457,0.4918929636478424,-0.15139935910701752,0.9999859929084778,0.5233193039894104,0.5986654758453369,-0.11400879174470901,0.9936615824699402,0.4266512989997864,0.5964283347129822,-0.12673895061016083,0.9940823912620544,0.49832069873809814,0.6692957282066345,-0.17851729691028595,0.9681577682495117,0.4525677561759949,0.6756537556648254,-0.1803693175315857,0.9715209603309631,0.49706682562828064,0.6995774507522583,-0.2031325250864029,0.9326072335243225,0.4535592794418335,0.7042394876480103,-0.20206886529922485,0.9388481974601746,0.48901626467704773,0.692503035068512,-0.22064419090747833,0.935302734375,0.4612298607826233,0.6988368034362793,-0.21659986674785614,0.9423995018005371,0.4873950183391571,0.6820704340934753,-0.18610554933547974,0.9199827313423157,0.46279364824295044,0.6891151666641235,-0.1855926364660263,0.9305020570755005,0.4980088472366333,0.6401341557502747,0.0034327758476138115,0.9998966455459595,0.451181024312973,0.6377666592597961,-0.003279128111898899,0.9998291730880737,0.49133598804473877,0.7190890312194824,-0.23552347719669342,0.9938483834266663,0.45430734753608704,0.7150055170059204,-0.21253646910190582,0.9831512570381165,0.5020166039466858,0.8664865493774414,-0.15289416909217834,0.9818548560142517,0.4555405378341675,0.8687745928764343,-0.14779342710971832,0.9721947312355042,0.5001614093780518,0.8790134191513062,-0.14841309189796448,0.8962544798851013,0.454519122838974,0.8808550238609314,-0.14524975419044495,0.8828592300415039,0.5001307129859924,0.9217172265052795,-0.2550821602344513,0.9771241545677185,0.45655515789985657,0.9246754050254822,-0.25889846682548523,0.9714856743812561
yena_sit_to_stand_normal_02,162,54,5.400680100755667,29.99622213826974,10,0.47919443249702454,0.4302082359790802,-0.3459984064102173,0.9999908804893494,0.48447105288505554,0.41527417302131653,-0.33884352445602417,0.9999704360961914,0.48785433173179626,0.4150328040122986,-0.33882078528404236,0.9999710321426392,0.49073362350463867,0.41475093364715576,-0.33886072039604187,0.9999673366546631,0.47377362847328186,0.41452354192733765,-0.3394085764884949,0.9999640583992004,0.46963030099868774,0.4138551950454712,-0.3395118713378906,0.9999698996543884,0.46599265933036804,0.4130195677280426,-0.33954736590385437,0.9999725222587585,0.49618685245513916,0.41570916771888733,-0.25735411047935486,0.9999560117721558,0.4613334834575653,0.41478103399276733,-0.26061004400253296,0.999960720539093,0.4836903512477875,0.445765882730484,-0.3114840090274811,0.999995231628418,0.47181227803230286,0.4474961757659912,-0.31260010600090027,0.9999956488609314,0.5181335210800171,0.4827796518802643,-0.1740681231021881,0.9999926686286926,0.4341273307800293,0.4831114709377289,-0.18062862753868103,0.9999863505363464,0.5221165418624878,0.5930513739585876,-0.1518184393644333,0.9933258295059204,0.4307129681110382,0.5938208699226379,-0.15891297161579132,0.9941834807395935,0.4991645812988281,0.6694090962409973,-0.21925562620162964,0.9663612842559814,0.45361408591270447,0.6746208667755127,-0.2176145613193512,0.9709554314613342,0.4980088472366333,0.6993972659111023,-0.24596409499645233,0.9288974404335022,0.4538363218307495,0.7024810910224915,-0.24186305701732635,0.9371507167816162,0.48972082138061523,0.6924716830253601,-0.2626206874847412,0.93195641040802,0.4617357850074768,0.6980544924736023,-0.2577446699142456,0.9411224722862244,0.48798081278800964,0.6821665167808533,-0.2267143279314041,0.9166860580444336,0.46336111426353455,0.6886435747146606,-0.22378435730934143,0.9297922849655151,0.4988284409046173,0.6304228901863098,0.0015915831318125129,0.9998889565467834,0.4514256417751312,0.6285994648933411,-0.001432268531061709,0.9998217225074768,0.49173247814178467,0.7175407409667969,-0.22648946940898895,0.9934020638465881,0.4626402258872986,0.7128427028656006,-0.20203496515750885,0.982111930847168,0.5019967555999756,0.8671445250511169,-0.12099306285381317,0.980742871761322,0.45582398772239685,0.8667429685592651,-0.11308513581752777,0.9706772565841675,0.5001409649848938,0.8789739608764648,-0.1151631772518158,0.8913291692733765,0.45640674233436584,0.877751350402832,-0.10846888273954391,0.8775339722633362,0.4989720582962036,0.9219654202461243,-0.2269294410943985,0.9754310846328735,0.45657238364219666,0.9229696393013,-0.22278673946857452,0.9696735739707947
yena_sit_to_stand_normal_02,165,55,5.500692695214106,29.99622213826974,10,0.47911110520362854,0.41407689452171326,-0.34577879309654236,0.9999898076057434,0.48437249660491943,0.39843159914016724,-0.33799296617507935,0.999967098236084,0.4877459704875946,0.39808785915374756,-0.3379856050014496,0.9999671578407288,0.4906054437160492,0.3977995812892914,-0.33803585171699524,0.9999635815620422,0.4737051725387573,0.3974427282810211,-0.33804500102996826,0.9999597668647766,0.46957719326019287,0.39628779888153076,-0.33813706040382385,0.9999657869338989,0.4659635126590729,0.3952905237674713,-0.33817169070243835,0.9999690651893616,0.4958508610725403,0.3993203043937683,-0.25408118963241577,0.9999498128890991,0.4613337516784668,0.39725449681282043,-0.2552260458469391,0.9999547600746155,0.4836873710155487,0.429505318403244,-0.31046006083488464,0.9999948143959045,0.47182464599609375,0.4308865964412689,-0.3109270930290222,0.9999953508377075,0.5181227922439575,0.4688176214694977,-0.16984964907169342,0.9999924302101135,0.434122771024704,0.46935710310935974,-0.17455312609672546,0.9999864101409912,0.5217911601066589,0.5818891525268555,-0.14376266300678253,0.9930273294448853,0.43122607469558716,0.5820827484130859,-0.15228071808815002,0.9941784143447876,0.5007702112197876,0.6685295104980469,-0.21208316087722778,0.9660320281982422,0.4536033272743225,0.667034387588501,-0.21424642205238342,0.9704117178916931,0.500079870223999,0.6965146660804749,-0.2395605444908142,0.9283760786056519,0.45382511615753174,0.6946040987968445,-0.23861122131347656,0.9357881546020508,0.4913480877876282,0.6903885006904602,-0.2583456337451935,0.9316734075546265,0.4617280662059784,0.6903645396232605,-0.2565488815307617,0.9400278329849243,0.48936235904693604,0.6812742948532104,-0.22034697234630585,0.9164364337921143,0.4633512794971466,0.6803163290023804,-0.22129105031490326,0.9289659857749939,0.49881473183631897,0.6250461935997009,0.0016018998576328158,0.9998886585235596,0.4514627754688263,0.6222001910209656,-0.0014461338287219405,0.9998191595077515,0.49297425150871277,0.7175159454345703,-0.2210940420627594,0.9928383827209473,0.4629669785499573,0.7156618237495422,-0.19275625050067902,0.9811360836029053,0.5020248889923096,0.868476927280426,-0.11703353375196457,0.9798048734664917,0.45485350489616394,0.8687853217124939,-0.10164289176464081,0.9688708186149597,0.49975281953811646,0.8799145817756653,-0.11169978231191635,0.8883427381515503,0.45582276582717896,0.8783075213432312,-0.09720303863286972,0.868830680847168,0.499133437871933,0.9209863543510437,-0.2252037674188614,0.9741763472557068,0.45585158467292786,0.9235674142837524,-0.21342548727989197,0.9675979018211365
yena_sit_to_stand_normal_02,168,56,5.600705289672544,29.99622213826974,10,0.47841688990592957,0.39055195450782776,-0.3520215153694153,0.9999902248382568,0.4840453863143921,0.37530627846717834,-0.3433350622653961,0.9999682307243347,0.48719438910484314,0.37566208839416504,-0.34331873059272766,0.9999681115150452,0.49023935198783875,0.3760395646095276,-0.34336021542549133,0.9999647736549377,0.47319427132606506,0.3737366795539856,-0.3423368036746979,0.9999608993530273,0.4690708518028259,0.3730231821537018,-0.3424266278743744,0.999966561794281,0.46537309885025024,0.37256869673728943,-0.34245535731315613,0.9999698400497437,0.49544236063957214,0.38043469190597534,-0.25711843371391296,0.9999511241912842,0.46097326278686523,0.3764221966266632,-0.2537100911140442,0.9999551177024841,0.48352208733558655,0.40613964200019836,-0.3162665367126465,0.9999949336051941,0.47064968943595886,0.4064237177371979,-0.31535205245018005,0.9999954700469971,0.5179061889648438,0.45229631662368774,-0.1752503365278244,0.9999924898147583,0.43412214517593384,0.4534871280193329,-0.17155180871486664,0.9999865293502808,0.5218825340270996,0.5691559910774231,-0.15151996910572052,0.9928222298622131,0.43117570877075195,0.5645434856414795,-0.15218541026115417,0.994174063205719,0.5023837685585022,0.6639177799224854,-0.2228928506374359,0.9661092162132263,0.4526684880256653,0.654646098613739,-0.21780939400196075,0.9702637195587158,0.5022614598274231,0.6927312016487122,-0.25179576873779297,0.9288464784622192,0.4530167877674103,0.6843399405479431,-0.24250082671642303,0.935182511806488,0.493528813123703,0.6865212917327881,-0.2713986337184906,0.9322848320007324,0.46080949902534485,0.6798057556152344,-0.26089155673980713,0.9395766854286194,0.49098676443099976,0.6774227023124695,-0.2315104454755783,0.9171760082244873,0.46256208419799805,0.6698237657546997,-0.22501693665981293,0.9288090467453003,0.4999444782733917,0.6207554340362549,-0.0014605281176045537,0.9998908042907715,0.45417705178260803,0.6195158362388611,0.001583061646670103,0.9998202323913574,0.4951079785823822,0.7162045836448669,-0.24114158749580383,0.9924424886703491,0.46039000153541565,0.7125896215438843,-0.19588088989257812,0.9806424975395203,0.502307653427124,0.8681342005729675,-0.11700544506311417,0.9796467423439026,0.45488640666007996,0.8679810166358948,-0.08854584395885468,0.9681810736656189,0.49999767541885376,0.8780554533004761,-0.11011482030153275,0.8864244222640991,0.4562147557735443,0.8775202035903931,-0.08241502940654755,0.8640252947807312,0.49910399317741394,0.9210003018379211,-0.22720612585544586,0.9738163948059082,0.45495718717575073,0.9251915216445923,-0.19815987348556519,0.9665615558624268
yena_sit_to_stand_normal_02,171,57,5.700717884130982,29.99622213826974,10,0.4769856035709381,0.36838147044181824,-0.35911718010902405,0.9999898076057434,0.48283112049102783,0.3532337546348572,-0.3487565219402313,0.9999670386314392,0.4858396649360657,0.3535374402999878,-0.3487537205219269,0.9999668002128601,0.4892941415309906,0.3538723289966583,-0.34879496693611145,0.9999635815620422,0.4718543291091919,0.3514069616794586,-0.34691116213798523,0.9999590516090393,0.46795403957366943,0.3506266176700592,-0.3469957113265991,0.9999645352363586,0.4643525779247284,0.35045793652534485,-0.34702661633491516,0.9999681711196899,0.4949324429035187,0.3592386841773987,-0.2587631642818451,0.9999492168426514,0.4606853723526001,0.35484930872917175,-0.252056747674942,0.9999515414237976,0.48271694779396057,0.3852849304676056,-0.3225969672203064,0.9999945163726807,0.46963372826576233,0.38616666197776794,-0.32058238983154297,0.9999951720237732,0.5180838704109192,0.4396441578865051,-0.17828960716724396,0.9999915957450867,0.4337644875049591,0.4415580630302429,-0.16355042159557343,0.9999856948852539,0.5214321613311768,0.5557006001472473,-0.1515476405620575,0.9921521544456482,0.43009498715400696,0.5492758750915527,-0.12915387749671936,0.993951678276062,0.5065221190452576,0.6481655240058899,-0.22353754937648773,0.9637266397476196,0.450152724981308,0.6419333815574646,-0.19717265665531158,0.9687973260879517,0.5069133043289185,0.6792376041412354,-0.2513062357902527,0.9250572323799133,0.449819952249527,0.6728817820549011,-0.2207467406988144,0.9319355487823486,0.4978024363517761,0.6729121804237366,-0.27231284976005554,0.9287332892417908,0.45814645290374756,0.6686811447143555,-0.2403784543275833,0.9365284442901611,0.49533137679100037,0.6626986265182495,-0.23248767852783203,0.9126376509666443,0.4604366719722748,0.6580157279968262,-0.20507964491844177,0.9253049492835999,0.5015658736228943,0.6145217418670654,-0.0015941712772473693,0.9998918175697327,0.45564329624176025,0.6155864596366882,0.0016998238861560822,0.9998205304145813,0.4987543225288391,0.7217767834663391,-0.2380814254283905,0.9916965365409851,0.4595814049243927,0.7161048054695129,-0.19690243899822235,0.9804335832595825,0.5045582056045532,0.868918776512146,-0.10614405572414398,0.9793225526809692,0.4551016390323639,0.8694524168968201,-0.0846705362200737,0.9680265784263611,0.5007023811340332,0.8798931241035461,-0.09917905181646347,0.8850263357162476,0.45760297775268555,0.8812406063079834,-0.0790950283408165,0.8590165972709656,0.4998886287212372,0.9218741655349731,-0.2233383059501648,0.9735021591186523,0.4556879699230194,0.9266804456710815,-0.20272691547870636,0.9662105441093445
yena_sit_to_stand_normal_02,174,58,5.80073047858942,29.99622213826974,10,0.47511446475982666,0.34598344564437866,-0.333040326833725,0.9999892115592957,0.4814910292625427,0.3318881392478943,-0.3212209641933441,0.9999648928642273,0.48461928963661194,0.33229851722717285,-0.3212248682975769,0.9999640583992004,0.4882483184337616,0.33294981718063354,-0.32124921679496765,0.9999609589576721,0.47036975622177124,0.3297762870788574,-0.3193488121032715,0.9999570250511169,0.4668227434158325,0.32893380522727966,-0.319423645734787,0.9999622106552124,0.4634130895137787,0.3281286060810089,-0.3194645345211029,0.9999664425849915,0.4940599799156189,0.339333713054657,-0.23250450193881989,0.9999433755874634,0.4602782130241394,0.3325463831424713,-0.225429967045784,0.999947190284729,0.4816961884498596,0.3646692931652069,-0.29798203706741333,0.9999936819076538,0.46840837597846985,0.36326056718826294,-0.29591792821884155,0.999994695186615,0.5180025696754456,0.42202267050743103,-0.16256381571292877,0.99998939037323,0.4331803023815155,0.4256645739078522,-0.14577314257621765,0.999984622001648,0.521428108215332,0.5400550365447998,-0.14100834727287292,0.991395890712738,0.4295402467250824,0.534466028213501,-0.1154666393995285,0.9935173392295837,0.509742021560669,0.6313879489898682,-0.21963953971862793,0.961342990398407,0.4480624794960022,0.6282836198806763,-0.1866825520992279,0.967701256275177,0.5106248259544373,0.6635163426399231,-0.2477319836616516,0.9214841723442078,0.44661977887153625,0.6596214771270752,-0.21129225194454193,0.9300748705863953,0.5017622113227844,0.6574556231498718,-0.27001506090164185,0.9252980947494507,0.45588305592536926,0.6556018590927124,-0.23046675324440002,0.9347820281982422,0.49891960620880127,0.6464354395866394,-0.23000571131706238,0.9083596467971802,0.458427757024765,0.6448765993118286,-0.19464285671710968,0.9232369065284729,0.5019491910934448,0.606813371181488,-0.0014537392416968942,0.9998888969421387,0.4561166763305664,0.6092053055763245,0.001514709903858602,0.9998195767402649,0.4996255040168762,0.7244912981987,-0.20036503672599792,0.9911715984344482,0.45847088098526,0.7200403213500977,-0.17365026473999023,0.9807189702987671,0.505565881729126,0.8714259266853333,-0.06906656920909882,0.979479968547821,0.45552918314933777,0.87294602394104,-0.05751051753759384,0.969175398349762,0.5017052292823792,0.8828656077384949,-0.06220250204205513,0.8855326175689697,0.45894676446914673,0.8869057297706604,-0.052002523094415665,0.8573458790779114,0.5020415782928467,0.9237733483314514,-0.1801101565361023,0.9736190438270569,0.45633116364479065,0.9276891350746155,-0.171966090798378,0.9670368432998657
yena_sit_to_stand_normal_02,177,59,5.900743073047859,29.99622213826974,10,0.4742756187915802,0.3231220245361328,-0.31632715463638306,0.9999871850013733,0.4806479513645172,0.30957093834877014,-0.30310267210006714,0.9999571442604065,0.4837571680545807,0.309844046831131,-0.30311641097068787,0.9999556541442871,0.4874870479106903,0.3104301989078522,-0.3031158149242401,0.9999522566795349,0.46978551149368286,0.30896246433258057,-0.3025050163269043,0.9999505281448364,0.46635228395462036,0.3088318109512329,-0.30255669355392456,0.9999554753303528,0.46312224864959717,0.30897074937820435,-0.3026011884212494,0.9999606013298035,0.4933954179286957,0.31739670038223267,-0.21174921095371246,0.9999236464500427,0.45984652638435364,0.3156493604183197,-0.2098321169614792,0.9999364614486694,0.4812566041946411,0.34217098355293274,-0.2810363173484802,0.9999910593032837,0.4680764973163605,0.3421236574649811,-0.2805928587913513,0.9999931454658508,0.5180028676986694,0.40535590052604675,-0.14525751769542694,0.99998539686203,0.4331795573234558,0.4108125567436218,-0.13601714372634888,0.999981701374054,0.5228164792060852,0.5194960236549377,-0.11723881214857101,0.9906288385391235,0.4289934039115906,0.5202217102050781,-0.10343894362449646,0.992511510848999,0.5130429267883301,0.616443395614624,-0.1941608339548111,0.960397481918335,0.44531890749931335,0.6142983436584473,-0.18158908188343048,0.9654687643051147,0.5130623579025269,0.6498308181762695,-0.22126227617263794,0.9202790856361389,0.44376468658447266,0.6471835374832153,-0.20909349620342255,0.9265234470367432,0.5045132637023926,0.6439875364303589,-0.2450149804353714,0.9240284562110901,0.4529321491718292,0.6425895094871521,-0.23004063963890076,0.9311389923095703,0.5019078850746155,0.6338531374931335,-0.20448316633701324,0.9064091444015503,0.4554699957370758,0.6321488618850708,-0.19095277786254883,0.9187831282615662,0.5019863247871399,0.5995544195175171,-0.0006035039550624788,0.999871015548706,0.4562916159629822,0.6008797287940979,0.0005982613074593246,0.9998102188110352,0.5000811815261841,0.7335934638977051,-0.05045207589864731,0.9908403158187866,0.45687800645828247,0.7290912866592407,-0.07672441750764847,0.9816102981567383,0.506318211555481,0.875430703163147,0.07466607540845871,0.980235755443573,0.4554580748081207,0.8762425780296326,0.05175473168492317,0.9712063670158386,0.5021755695343018,0.8874268531799316,0.07992829382419586,0.8838164806365967,0.45904776453971863,0.8915306329727173,0.05813368409872055,0.8574925065040588,0.5039840340614319,0.9265966415405273,-0.035934675484895706,0.9742867350578308,0.45602262020111084,0.9283125996589661,-0.059933725744485855,0.9689440727233887
yena_sit_to_stand_normal_02,180,60,6.000755667506297,29.99622213826974,10,0.47391319274902344,0.30552542209625244,-0.30327603220939636,0.999986469745636,0.48042917251586914,0.291914165019989,-0.29012301564216614,0.9999532103538513,0.48354867100715637,0.29219502210617065,-0.2901204228401184,0.9999513030052185,0.48718705773353577,0.29278552532196045,-0.29009130597114563,0.9999470710754395,0.4695543348789215,0.2915908396244049,-0.290766179561615,0.9999485015869141,0.46615108847618103,0.2915958762168884,-0.2908039093017578,0.9999533295631409,0.46296435594558716,0.2920178174972534,-0.2908390164375305,0.9999582767486572,0.4927659332752228,0.3001827895641327,-0.1984172910451889,0.999908447265625,0.4596429169178009,0.299636572599411,-0.2024257630109787,0.9999314546585083,0.48112648725509644,0.32453829050064087,-0.2679894268512726,0.9999891519546509,0.4680303931236267,0.323904812335968,-0.2692328095436096,0.9999920725822449,0.517938494682312,0.39245089888572693,-0.12918636202812195,0.9999803900718689,0.43314555287361145,0.4006568193435669,-0.1306476891040802,0.9999787211418152,0.5240663290023804,0.5043200850486755,-0.08285205811262131,0.9896164536476135,0.4291674792766571,0.5124597549438477,-0.09362700581550598,0.9912384152412415,0.5164248943328857,0.6055276393890381,-0.15315580368041992,0.9595509171485901,0.44475969672203064,0.6045966744422913,-0.16716274619102478,0.9631314873695374,0.5159379839897156,0.6388036608695984,-0.17784523963928223,0.9196174740791321,0.442609578371048,0.6362795233726501,-0.19341593980789185,0.9237412214279175,0.508493185043335,0.6335046291351318,-0.20275847613811493,0.9233270883560181,0.45130297541618347,0.6313440203666687,-0.2171134650707245,0.9282242655754089,0.5061520934104919,0.6244014501571655,-0.16366299986839294,0.9057254791259766,0.45359882712364197,0.6215739846229553,-0.17730480432510376,0.9153461456298828,0.5019742250442505,0.5957380533218384,-0.00011243997869314626,0.9998553395271301,0.4562542736530304,0.597739040851593,6.505954661406577e-05,0.9998087882995605,0.5002259016036987,0.7418618202209473,0.037857573479413986,0.9910137057304382,0.4560317099094391,0.7365782856941223,-0.0020724376663565636,0.9828523397445679,0.50608891248703,0.8766575455665588,0.178873673081398,0.9815518856048584,0.45554104447364807,0.8765906691551208,0.13486985862255096,0.9733520150184631,0.5012556910514832,0.8887463212013245,0.18587206304073334,0.8859609961509705,0.45929643511772156,0.8908348083496094,0.14218848943710327,0.8602294325828552,0.5049014091491699,0.9266343116760254,0.07705684751272202,0.975716233253479,0.45583683252334595,0.9291850924491882,0.03150381147861481,0.9708980917930603
yena_sit_to_stand_normal_02,183,61,6.100768261964736,29.99622213826974,10,0.4738170802593231,0.2916407287120819,-0.278957337141037,0.9999823570251465,0.48036354780197144,0.2771949768066406,-0.2647083103656769,0.9999358654022217,0.48355546593666077,0.27743178606033325,-0.2647204101085663,0.9999322891235352,0.48717930912971497,0.27808693051338196,-0.2646779716014862,0.9999252557754517,0.46945396065711975,0.2777770161628723,-0.2658565938472748,0.9999337196350098,0.4660966098308563,0.2782219350337982,-0.26588112115859985,0.9999382495880127,0.46296387910842896,0.2790772020816803,-0.26592913269996643,0.9999434947967529,0.492732435464859,0.2861592173576355,-0.16957899928092957,0.9998489618301392,0.4596106708049774,0.2874465882778168,-0.17597539722919464,0.9999003410339355,0.48109686374664307,0.31050077080726624,-0.24259445071220398,0.9999825358390808,0.4680294394493103,0.31059178709983826,-0.24449406564235687,0.9999880194664001,0.5179774165153503,0.38084110617637634,-0.10140357166528702,0.9999747276306152,0.4334387481212616,0.3870667815208435,-0.10673343390226364,0.9999722242355347,0.5268726944923401,0.4903891086578369,-0.05979570001363754,0.9887365102767944,0.4279071092605591,0.49803704023361206,-0.07256262749433517,0.9899011850357056,0.5208514928817749,0.5917698740959167,-0.1465931236743927,0.9604063630104065,0.4431284964084625,0.5940121412277222,-0.15241819620132446,0.9619269967079163,0.5211209654808044,0.6249926686286926,-0.17448334395885468,0.921768307685852,0.44116148352622986,0.6254220008850098,-0.17967061698436737,0.9228746294975281,0.5147029757499695,0.6209097504615784,-0.19994212687015533,0.9253721833229065,0.44946008920669556,0.6198136210441589,-0.20423752069473267,0.9272142052650452,0.5126186013221741,0.6125004291534424,-0.1577819138765335,0.9081793427467346,0.4514788091182709,0.6111172437667847,-0.1628236323595047,0.9139854907989502,0.5021907091140747,0.5937880277633667,0.0013992874883115292,0.9998350739479065,0.4560778737068176,0.5960362553596497,-0.0014481379184871912,0.999800443649292,0.5013800859451294,0.7417411208152771,0.035893723368644714,0.9906103014945984,0.45587632060050964,0.7380709052085876,-0.005722770467400551,0.9835072159767151,0.5060777068138123,0.8775138854980469,0.18431687355041504,0.9821365475654602,0.4556065499782562,0.8775021433830261,0.1399417668581009,0.9746643304824829,0.5012588500976562,0.888920247554779,0.19201800227165222,0.8837427496910095,0.4592691957950592,0.8906790614128113,0.14818695187568665,0.8584458827972412,0.5066751837730408,0.9290239810943604,0.08123613893985748,0.9761597514152527,0.4546116590499878,0.9293692708015442,0.03505449742078781,0.9718900322914124
yena_sit_to_stand_normal_02,186,62,6.200780856423173,29.99622213826974,10,0.473832905292511,0.2787865102291107,-0.2590373754501343,0.9999793767929077,0.48041480779647827,0.26422110199928284,-0.24408069252967834,0.9999231100082397,0.48359256982803345,0.264362633228302,-0.24409590661525726,0.9999188184738159,0.4871829152107239,0.26506778597831726,-0.24406026303768158,0.9999096393585205,0.4694599211215973,0.26512494683265686,-0.24517092108726501,0.9999209046363831,0.4660986363887787,0.2657727599143982,-0.24518586695194244,0.999924898147583,0.4629737436771393,0.26666951179504395,-0.24522748589515686,0.9999290704727173,0.4927282929420471,0.2734842300415039,-0.14799419045448303,0.999811589717865,0.45960670709609985,0.27517756819725037,-0.15357773005962372,0.9998695254325867,0.48113057017326355,0.29749616980552673,-0.2225971817970276,0.9999779462814331,0.46807125210762024,0.2980520725250244,-0.22427131235599518,0.9999839067459106,0.5179904699325562,0.3705674707889557,-0.08355718106031418,0.9999710321426392,0.4342244863510132,0.3760809004306793,-0.08885515481233597,0.9999635219573975,0.528900682926178,0.4797906279563904,-0.04263275861740112,0.9881105422973633,0.42732107639312744,0.4869205057621002,-0.056878771632909775,0.9881668090820312,0.523167073726654,0.5826774835586548,-0.13487932085990906,0.9617226123809814,0.44211718440055847,0.5841454863548279,-0.13902398943901062,0.9609103202819824,0.5234773755073547,0.6161527633666992,-0.16331201791763306,0.9246813058853149,0.4404526352882385,0.6146997809410095,-0.16688956320285797,0.9225564002990723,0.5175338983535767,0.6123746633529663,-0.19007205963134766,0.928145706653595,0.4483817219734192,0.6097303628921509,-0.19228655099868774,0.9267256259918213,0.5156309604644775,0.6038503646850586,-0.14670303463935852,0.9115382432937622,0.4503564238548279,0.599933922290802,-0.15001468360424042,0.9132229089736938,0.5021946430206299,0.5916458964347839,0.0015022235456854105,0.9998137950897217,0.4556901752948761,0.5935000777244568,-0.001557033509016037,0.9997801184654236,0.5032879710197449,0.7410300374031067,0.015289767645299435,0.9903399348258972,0.45559197664260864,0.7394992113113403,0.010548893362283707,0.9839721918106079,0.5064365267753601,0.8774996995925903,0.17681728303432465,0.9824975728988647,0.45741692185401917,0.8764486312866211,0.17471525073051453,0.9756121635437012,0.5014116764068604,0.8888460397720337,0.18594926595687866,0.8817652463912964,0.46192196011543274,0.88765549659729,0.184796541929245,0.8571295738220215,0.5068777799606323,0.9303287267684937,0.07566726952791214,0.9763394594192505,0.45456287264823914,0.9293746948242188,0.07624717801809311,0.9723984003067017
yena_sit_to_stand_normal_02,189,63,6.300793450881612,29.99622213826974,10,0.47384393215179443,0.2672693729400635,-0.22377751767635345,0.9999787211418152,0.4804222285747528,0.25291362404823303,-0.20869269967079163,0.9999196529388428,0.4836130440235138,0.2531106770038605,-0.20871420204639435,0.9999150633811951,0.4871881902217865,0.2539302110671997,-0.20868737995624542,0.9999057650566101,0.46946483850479126,0.25370484590530396,-0.20949655771255493,0.9999171495437622,0.4661039113998413,0.2543647587299347,-0.20949257910251617,0.9999202489852905,0.4630143940448761,0.25535526871681213,-0.2095126062631607,0.9999239444732666,0.4927379786968231,0.2628401815891266,-0.11698591709136963,0.9998015761375427,0.45965445041656494,0.2647785246372223,-0.1211596354842186,0.9998566508293152,0.481178343296051,0.2861610949039459,-0.18941454589366913,0.9999761581420898,0.46816396713256836,0.28663891553878784,-0.19067589938640594,0.9999819993972778,0.5179913640022278,0.3615252673625946,-0.062292393296957016,0.9999697208404541,0.4348541796207428,0.3656157851219177,-0.06427599489688873,0.9999585151672363,0.5293487906455994,0.4702165126800537,-0.026499131694436073,0.9878886938095093,0.4262610971927643,0.4760836064815521,-0.038830164819955826,0.9871821999549866,0.5230283737182617,0.5730912685394287,-0.11620274931192398,0.9637918472290039,0.4401761293411255,0.5751017928123474,-0.12140778452157974,0.9611350297927856,0.5235726237297058,0.607850193977356,-0.14404575526714325,0.928824245929718,0.4388383626937866,0.6052855849266052,-0.14953678846359253,0.9239047169685364,0.5178504586219788,0.6046207547187805,-0.17081832885742188,0.9320782423019409,0.4464842677116394,0.6005586981773376,-0.1737418919801712,0.9278400540351868,0.5158314108848572,0.5947763919830322,-0.1280050426721573,0.916251540184021,0.44846782088279724,0.5908305048942566,-0.13218790292739868,0.914371907711029,0.5015177130699158,0.5847800970077515,0.0014053134946152568,0.9998006820678711,0.4545956552028656,0.5863701105117798,-0.001464665518142283,0.9997683763504028,0.5051831603050232,0.7395827770233154,0.0028286331798881292,0.9902209043502808,0.4544142484664917,0.7390884160995483,0.0021234590094536543,0.9845603704452515,0.5066239237785339,0.8771092891693115,0.15466924011707306,0.9827511310577393,0.4577592611312866,0.8765987753868103,0.1521344929933548,0.9765660762786865,0.5014650821685791,0.8880313038825989,0.16295339167118073,0.8778150081634521,0.46245718002319336,0.8875943422317505,0.16083890199661255,0.8553942441940308,0.5069722533226013,0.9295372366905212,0.05521904304623604,0.9763218760490417,0.4549943804740906,0.9297465085983276,0.05493537336587906,0.9729003310203552
yena_sit_to_stand_normal_02,192,64,6.40080604534005,29.99622213826974,10,0.4745331406593323,0.2588842213153839,-0.21600370109081268,0.9999766945838928,0.4808756709098816,0.24645936489105225,-0.2008337676525116,0.9999096393585205,0.4840761721134186,0.24684874713420868,-0.20086027681827545,0.999904990196228,0.48735588788986206,0.24747025966644287,-0.2008419930934906,0.9998946785926819,0.4700644314289093,0.24624766409397125,-0.20142556726932526,0.9999061822891235,0.4666500389575958,0.2467176616191864,-0.20141127705574036,0.9999082088470459,0.46369507908821106,0.24743229150772095,-0.20143261551856995,0.9999109506607056,0.492807537317276,0.2555885314941406,-0.10987938195466995,0.9997751116752625,0.4600045084953308,0.25573742389678955,-0.11300408095121384,0.9998250603675842,0.4818236529827118,0.27791959047317505,-0.18186035752296448,0.9999717473983765,0.4687560796737671,0.27836093306541443,-0.18282315135002136,0.9999775886535645,0.5180712342262268,0.35393521189689636,-0.05785589665174484,0.999967098236084,0.4354269206523895,0.35633331537246704,-0.056614238768815994,0.9999492168426514,0.5292384028434753,0.46323904395103455,-0.025138817727565765,0.9873846173286438,0.42570585012435913,0.46836259961128235,-0.03194843977689743,0.9856986403465271,0.5231260061264038,0.5659781098365784,-0.11702580004930496,0.9654409885406494,0.43877583742141724,0.5669069290161133,-0.11316870898008347,0.9609699249267578,0.5236998200416565,0.601967990398407,-0.14515027403831482,0.932254433631897,0.4376260042190552,0.5974972248077393,-0.14116805791854858,0.9246556162834167,0.5180581212043762,0.5987758636474609,-0.1715385466814041,0.9353330135345459,0.4450348913669586,0.5929256081581116,-0.16422516107559204,0.9283851981163025,0.5160319805145264,0.5885500311851501,-0.12880459427833557,0.9201898574829102,0.4469088315963745,0.5831258893013,-0.12353312224149704,0.9149042367935181,0.5007388591766357,0.579523503780365,0.00043652011663652956,0.9997803568840027,0.4540867209434509,0.5799803733825684,-0.0004969870205968618,0.9997479319572449,0.5055806040763855,0.7347661256790161,-0.0018998808227479458,0.9898518919944763,0.453620970249176,0.7363690137863159,0.0031028699595481157,0.9846310615539551,0.5060206055641174,0.8732784390449524,0.1575525850057602,0.9823750257492065,0.4585024118423462,0.8733142018318176,0.1576593667268753,0.9769323468208313,0.50010085105896,0.881996214389801,0.16701941192150116,0.8715234398841858,0.4634949564933777,0.8827775120735168,0.1670355200767517,0.852027952671051,0.5070124268531799,0.9287382364273071,0.06241251528263092,0.9755788445472717,0.45451265573501587,0.9286620020866394,0.06320712715387344,0.9727198481559753
yena_sit_to_stand_normal_02,195,65,6.500818639798489,29.99622213826974,10,0.47494685649871826,0.2526032626628876,-0.2112598717212677,0.9999726414680481,0.4812377691268921,0.24130834639072418,-0.19544582068920135,0.9998916983604431,0.48449987173080444,0.24182885885238647,-0.195475772023201,0.9998876452445984,0.4875103235244751,0.2423676699399948,-0.19545722007751465,0.999876081943512,0.4704165756702423,0.24040134251117706,-0.195996955037117,0.9998829960823059,0.4670250117778778,0.2406752109527588,-0.19598932564258575,0.9998841881752014,0.46410873532295227,0.24123801290988922,-0.19602257013320923,0.9998850226402283,0.49292224645614624,0.2507530748844147,-0.10183951258659363,0.9997252225875854,0.4603181481361389,0.24966512620449066,-0.10455213487148285,0.9997584819793701,0.48220980167388916,0.2716406583786011,-0.17627568542957306,0.9999654293060303,0.4690488278865814,0.27173036336898804,-0.17712217569351196,0.999970555305481,0.5182218551635742,0.35064834356307983,-0.04842380806803703,0.9999651908874512,0.4358483552932739,0.3509639799594879,-0.04913412779569626,0.9999346733093262,0.5292748212814331,0.45990264415740967,-0.01844039186835289,0.9866394996643066,0.42515602707862854,0.4630339443683624,-0.023086821660399437,0.9837636351585388,0.5229268670082092,0.5617575645446777,-0.11805976182222366,0.966744065284729,0.43809089064598083,0.5626477003097534,-0.1036011204123497,0.9593862891197205,0.5234743356704712,0.5970097780227661,-0.14758722484111786,0.9350208640098572,0.436862587928772,0.5931717753410339,-0.13176566362380981,0.9232600331306458,0.5177209973335266,0.5936745405197144,-0.17388448119163513,0.9379591345787048,0.4443352520465851,0.5893304944038391,-0.15559855103492737,0.926889181137085,0.5156994462013245,0.583257794380188,-0.12999750673770905,0.9232763051986694,0.4461550712585449,0.5796670913696289,-0.11430910229682922,0.9131578207015991,0.5000916123390198,0.5776845216751099,0.001214859657920897,0.9997687935829163,0.45324957370758057,0.5780121684074402,-0.0012893077218905091,0.9997302293777466,0.5059537291526794,0.7336019277572632,-0.006457970943301916,0.989622950553894,0.4532093405723572,0.7354447245597839,-0.0005980848800390959,0.9845628142356873,0.5046616196632385,0.8721513152122498,0.17141056060791016,0.9822885990142822,0.45858699083328247,0.8717102408409119,0.17213234305381775,0.9771978259086609,0.4980778694152832,0.8818352222442627,0.1833062767982483,0.8672561645507812,0.46346232295036316,0.8803021907806396,0.18347333371639252,0.8465792536735535,0.5060497522354126,0.9266009330749512,0.07490812242031097,0.9753204584121704,0.4545864164829254,0.9298921227455139,0.0758616030216217,0.9727294445037842
yena_sit_to_stand_normal_02,198,66,6.600831234256927,29.99622213826974,10,0.47496315836906433,0.24829700589179993,-0.193248450756073,0.999971866607666,0.4813338816165924,0.23723255097866058,-0.17777954041957855,0.9998874664306641,0.4846918284893036,0.23790232837200165,-0.17780472338199615,0.9998838305473328,0.48755204677581787,0.23844420909881592,-0.1777893751859665,0.9998725652694702,0.4704556167125702,0.23607686161994934,-0.17765803635120392,0.9998770356178284,0.4670954942703247,0.23635655641555786,-0.177647203207016,0.9998773336410522,0.4641355872154236,0.23694558441638947,-0.17767265439033508,0.9998773336410522,0.49302396178245544,0.24685640633106232,-0.08746049553155899,0.9997146129608154,0.46051210165023804,0.24510249495506287,-0.08713863790035248,0.9997365474700928,0.48227691650390625,0.26731327176094055,-0.159600168466568,0.9999634623527527,0.4690844714641571,0.26711156964302063,-0.15956899523735046,0.9999677538871765,0.5185005068778992,0.347971111536026,-0.03760112449526787,0.9999643564224243,0.4361763298511505,0.34722015261650085,-0.03639129549264908,0.9999272227287292,0.5297098159790039,0.45716625452041626,-0.008850920014083385,0.9863492250442505,0.4245867133140564,0.45726636052131653,-0.010828731581568718,0.9821341037750244,0.5230125784873962,0.5592485070228577,-0.10325217247009277,0.9683496952056885,0.43738681077957153,0.5585578083992004,-0.08786790817975998,0.9585031270980835,0.5234113335609436,0.5941098928451538,-0.13187196850776672,0.9382042288780212,0.43629151582717896,0.5881090760231018,-0.11540520936250687,0.9228445887565613,0.5176418423652649,0.5907358527183533,-0.15786661207675934,0.9409778714179993,0.4434491693973541,0.5839864015579224,-0.13891585171222687,0.9263496994972229,0.5156618356704712,0.5800894498825073,-0.11492710560560226,0.9268618226051331,0.44520124793052673,0.5742225646972656,-0.09856279194355011,0.9125803709030151,0.5000888705253601,0.5763170719146729,0.001666277996264398,0.9997624158859253,0.4530700743198395,0.5764077305793762,-0.0017445923294872046,0.9997235536575317,0.5059341788291931,0.7329218983650208,-0.013223337940871716,0.9896227717399597,0.45260384678840637,0.734809160232544,-0.0012570578837767243,0.9849212169647217,0.5034058690071106,0.8721645474433899,0.16428489983081818,0.9824536442756653,0.4588889181613922,0.872975766658783,0.162101611495018,0.9778956174850464,0.49623945355415344,0.8842795491218567,0.17511039972305298,0.8652523756027222,0.4634833037853241,0.8839176297187805,0.17244389653205872,0.8435301184654236,0.5065312385559082,0.9258003234863281,0.06736555695533752,0.9753448367118835,0.4546240568161011,0.9303645491600037,0.0650879442691803,0.9731247425079346
yena_sit_to_stand_normal_02,201,67,6.700843828715365,29.99622213826974,10,0.47463327646255493,0.24615478515625,-0.18725912272930145,0.9999706149101257,0.4811677932739258,0.2345992773771286,-0.17264582216739655,0.999880850315094,0.48466286063194275,0.23523801565170288,-0.17266900837421417,0.9998779296875,0.48747628927230835,0.2356477975845337,-0.1726534366607666,0.9998670220375061,0.4702496826648712,0.2336144894361496,-0.17153631150722504,0.9998676776885986,0.4669868052005768,0.23375245928764343,-0.17153063416481018,0.9998669028282166,0.4639507830142975,0.23418444395065308,-0.1715603619813919,0.9998658299446106,0.49300429224967957,0.24397893249988556,-0.0856577455997467,0.999703049659729,0.4605461657047272,0.24220184981822968,-0.08057787269353867,0.9997025728225708,0.48211678862571716,0.26586541533470154,-0.15472054481506348,0.9999610781669617,0.46891820430755615,0.26534223556518555,-0.15334342420101166,0.9999635219573975,0.5185688734054565,0.3444620668888092,-0.040818940848112106,0.9999639987945557,0.43618032336235046,0.3449380099773407,-0.030283747240900993,0.9999197125434875,0.5299946069717407,0.4514707624912262,-0.015275235287845135,0.9861746430397034,0.4244086444377899,0.4548037350177765,-0.0099567212164402,0.9803352952003479,0.5229846239089966,0.5559456944465637,-0.10903161019086838,0.9700299501419067,0.43694785237312317,0.5547782778739929,-0.09388557821512222,0.9580827355384827,0.5232816934585571,0.5918927788734436,-0.13761910796165466,0.9415901303291321,0.43562763929367065,0.5850492715835571,-0.12218143790960312,0.9233248829841614,0.517145574092865,0.5881572961807251,-0.16362252831459045,0.9441654682159424,0.4423440396785736,0.5813870429992676,-0.14530333876609802,0.9266862273216248,0.515238344669342,0.5772426724433899,-0.12069384008646011,0.9306431412696838,0.44440555572509766,0.5718727111816406,-0.10472884774208069,0.9130650162696838,0.5002221465110779,0.5758950710296631,0.00023699413577560335,0.9997598528862,0.4530671238899231,0.5756917595863342,-0.0003301459946669638,0.9997228384017944,0.5062351226806641,0.7326505780220032,-0.01534996461123228,0.9897973537445068,0.4518445134162903,0.7344986796379089,0.000773380626924336,0.9854419827461243,0.5034290552139282,0.8720760941505432,0.16671964526176453,0.9827414751052856,0.45888957381248474,0.8728933334350586,0.16982689499855042,0.9787882566452026,0.49628397822380066,0.884279191493988,0.1787182241678238,0.86400306224823,0.4635111391544342,0.8838518857955933,0.18082477152347565,0.8437101244926453,0.5066405534744263,0.9257137179374695,0.07359540462493896,0.9756067991256714,0.45452696084976196,0.9306846857070923,0.07801767438650131,0.9738837480545044
yena_sit_to_stand_normal_02,204,68,6.800856423173803,29.99622213826974,10,0.47411903738975525,0.24429456889629364,-0.19504328072071075,0.9999679923057556,0.48084867000579834,0.2323053628206253,-0.18014569580554962,0.9998679161071777,0.4844971001148224,0.23294658958911896,-0.18017186224460602,0.9998655319213867,0.4872552752494812,0.23335152864456177,-0.18016019463539124,0.9998547434806824,0.46990829706192017,0.2313990294933319,-0.17916445434093475,0.9998507499694824,0.46676117181777954,0.23143622279167175,-0.17915920913219452,0.9998486042022705,0.4636909067630768,0.23181232810020447,-0.17919322848320007,0.9998465776443481,0.4929092526435852,0.24262167513370514,-0.09108590334653854,0.9996730089187622,0.4605565667152405,0.24053141474723816,-0.08574707806110382,0.9996471405029297,0.48165687918663025,0.2643812298774719,-0.16170001029968262,0.9999566078186035,0.46844545006752014,0.2632600665092468,-0.16046899557113647,0.9999569058418274,0.518574059009552,0.3411068022251129,-0.04388017579913139,0.9999620318412781,0.43619343638420105,0.3431742191314697,-0.03256591036915779,0.9999092221260071,0.530266284942627,0.4479462206363678,-0.017028722912073135,0.9854819178581238,0.4241273105144501,0.4529590606689453,-0.006235787644982338,0.9783617258071899,0.5234254598617554,0.5531843304634094,-0.11454445868730545,0.970684289932251,0.43670231103897095,0.5532700419425964,-0.08691742271184921,0.9569263458251953,0.5239021182060242,0.5888280868530273,-0.14412705600261688,0.9431825876235962,0.4355122447013855,0.5838145613670349,-0.1154460608959198,0.9224744439125061,0.5175967812538147,0.5844182968139648,-0.17106416821479797,0.9456249475479126,0.4421500265598297,0.5794586539268494,-0.13873262703418732,0.9257106184959412,0.5156909227371216,0.5731027126312256,-0.12663617730140686,0.9323467016220093,0.44422128796577454,0.5701781511306763,-0.09787256270647049,0.9119837880134583,0.5003842711448669,0.5758450627326965,-0.0009554986609145999,0.9997540712356567,0.45304813981056213,0.575925886631012,0.0008653076947666705,0.9997177124023438,0.5068432688713074,0.7326830625534058,-0.02277904935181141,0.9897051453590393,0.4516748785972595,0.7344435453414917,-0.0002145464823115617,0.9857501983642578,0.5032185316085815,0.8721542358398438,0.17557094991207123,0.9825444221496582,0.45969799160957336,0.872743546962738,0.18179216980934143,0.9794439673423767,0.4962192177772522,0.8836634159088135,0.18964296579360962,0.8621180057525635,0.4642907977104187,0.8833491206169128,0.19438865780830383,0.843867301940918,0.5065375566482544,0.9275903701782227,0.08481970429420471,0.975415825843811,0.4547518193721771,0.9319784641265869,0.09125280380249023,0.9744547605514526
yena_sit_to_stand_normal_02,207,69,6.900869017632242,29.99622213826974,10,0.47401806712150574,0.2434302717447281,-0.1934681087732315,0.9999672174453735,0.4807050824165344,0.23099154233932495,-0.17878834903240204,0.99986332654953,0.4843897819519043,0.23161745071411133,-0.1788075864315033,0.9998610615730286,0.4870929419994354,0.23204827308654785,-0.17879249155521393,0.999850332736969,0.4697323441505432,0.2302446812391281,-0.17746825516223907,0.9998459815979004,0.4666099548339844,0.23031629621982574,-0.17746016383171082,0.9998435974121094,0.4634952247142792,0.23073117434978485,-0.17748577892780304,0.9998413920402527,0.4928927719593048,0.24190795421600342,-0.09155680239200592,0.999663233757019,0.46051475405693054,0.240570068359375,-0.0855180025100708,0.9996312856674194,0.48159414529800415,0.2635592222213745,-0.16093069314956665,0.9999545812606812,0.46840861439704895,0.26280269026756287,-0.1592864692211151,0.999954104423523,0.5185793042182922,0.34006235003471375,-0.04488528147339821,0.9999608993530273,0.43619778752326965,0.3427882790565491,-0.033159565180540085,0.9999050498008728,0.5311887264251709,0.44540318846702576,-0.01806274987757206,0.9852903485298157,0.4237064719200134,0.45280715823173523,-0.006985959131270647,0.9774828553199768,0.5240234732627869,0.5509244799613953,-0.11103469878435135,0.9718204140663147,0.43544572591781616,0.5532740354537964,-0.0857619047164917,0.9569265842437744,0.52460777759552,0.5856653451919556,-0.13901874423027039,0.9455155730247498,0.43451541662216187,0.5835005640983582,-0.11374818533658981,0.923078179359436,0.5181944966316223,0.5800682902336121,-0.1655556857585907,0.9477925300598145,0.44138288497924805,0.5790616869926453,-0.136249840259552,0.9261240363121033,0.5163326859474182,0.569133460521698,-0.12264565378427505,0.9349361658096313,0.4435023069381714,0.5700290203094482,-0.09638392925262451,0.9124827980995178,0.5009784698486328,0.5759002566337585,-0.0021092179231345654,0.9997530579566956,0.4533049464225769,0.576061487197876,0.002017923863604665,0.9997193217277527,0.5069488883018494,0.7326813340187073,-0.02181415818631649,0.990021824836731,0.4516567885875702,0.7344443798065186,0.00568424304947257,0.986486554145813,0.5032522678375244,0.8721603751182556,0.1728191375732422,0.9830760955810547,0.4596134126186371,0.8709624409675598,0.17875295877456665,0.9805749654769897,0.4964039623737335,0.8832363486289978,0.18596084415912628,0.8639313578605652,0.4642326235771179,0.8799039721488953,0.1903536021709442,0.8480066061019897,0.5063105821609497,0.9276076555252075,0.08167441934347153,0.9760476350784302,0.4527007043361664,0.9315750598907471,0.08992291241884232,0.975577175617218
yena_sit_to_stand_normal_02,210,70,7.00088161209068,29.99622213826974,10,0.4740406274795532,0.24328435957431793,-0.1946813464164734,0.9999658465385437,0.4807012975215912,0.23038631677627563,-0.17994169890880585,0.9998572468757629,0.4843803644180298,0.2310461699962616,-0.1799604594707489,0.9998552799224854,0.4870314300060272,0.2315567284822464,-0.17994195222854614,0.9998444318771362,0.46973294019699097,0.22960537672042847,-0.17836055159568787,0.9998371005058289,0.46661558747291565,0.22969849407672882,-0.17835496366024017,0.9998342990875244,0.46349382400512695,0.23003771901130676,-0.17839214205741882,0.9998312592506409,0.49284347891807556,0.24152976274490356,-0.09203322231769562,0.9996492862701416,0.4605204164981842,0.24029749631881714,-0.08627937734127045,0.9996045827865601,0.48158109188079834,0.2632160186767578,-0.1620909422636032,0.9999518990516663,0.4684457778930664,0.26253604888916016,-0.16053099930286407,0.9999503493309021,0.5182428359985352,0.3394772410392761,-0.0435129813849926,0.9999604821205139,0.4362421929836273,0.34212642908096313,-0.03517545387148857,0.9999002814292908,0.5313531160354614,0.445513516664505,-0.013508675619959831,0.984638512134552,0.4234134554862976,0.4509996771812439,-0.008461513556540012,0.9769551753997803,0.5240086913108826,0.5493847131729126,-0.10650599747896194,0.9724264740943909,0.43450313806533813,0.551727831363678,-0.0874437615275383,0.9562246799468994,0.5243619084358215,0.5831758379936218,-0.1346697062253952,0.9468142986297607,0.4340153932571411,0.5829713344573975,-0.11520500481128693,0.9224216938018799,0.5181820392608643,0.5777366757392883,-0.16149017214775085,0.948994517326355,0.44085806608200073,0.5790263414382935,-0.13824936747550964,0.9253433346748352,0.5163966417312622,0.5671206712722778,-0.11840079724788666,0.9363933801651001,0.44281336665153503,0.5697597861289978,-0.09815215319395065,0.9116666913032532,0.5006493330001831,0.5758767127990723,-0.0002561699948273599,0.9997541308403015,0.4532255232334137,0.5760700702667236,0.00017994684458244592,0.9997190237045288,0.5075715780258179,0.7316992282867432,-0.020936157554388046,0.9900303483009338,0.45165011286735535,0.7344621419906616,0.003627925179898739,0.9868946671485901,0.503240168094635,0.8689587712287903,0.1820506453514099,0.9830020666122437,0.4594529867172241,0.8696075677871704,0.18257883191108704,0.9811549186706543,0.4964532256126404,0.8781851530075073,0.19677655398845673,0.8639820218086243,0.4638490676879883,0.8782324194908142,0.1953398883342743,0.8469075560569763,0.5068510174751282,0.9271596670150757,0.09548904746770859,0.9760004281997681,0.4530605673789978,0.9311231374740601,0.09299852699041367,0.9759936332702637
yena_sit_to_stand_normal_02,213,71,7.1008942065491185,29.99622213826974,10,0.4740520119667053,0.24349254369735718,-0.19640305638313293,0.99996417760849,0.48068296909332275,0.23021307587623596,-0.18145160377025604,0.9998487234115601,0.48436596989631653,0.23088040947914124,-0.1814725697040558,0.9998472332954407,0.486978143453598,0.23148387670516968,-0.18145836889743805,0.9998362064361572,0.4697294533252716,0.22944214940071106,-0.1800805777311325,0.9998259544372559,0.4666129946708679,0.22955691814422607,-0.18007801473140717,0.9998229146003723,0.4634867012500763,0.22994819283485413,-0.180114284157753,0.999818742275238,0.49277564883232117,0.2414691150188446,-0.09227979928255081,0.9996304512023926,0.46052268147468567,0.24044209718704224,-0.08654104173183441,0.9995688199996948,0.481566458940506,0.263440877199173,-0.1631801724433899,0.9999489784240723,0.46846330165863037,0.2627806067466736,-0.16170568764209747,0.9999457597732544,0.5181807279586792,0.3397239148616791,-0.04363759979605675,0.9999596476554871,0.43601682782173157,0.34230777621269226,-0.035536035895347595,0.9998945593833923,0.5314703583717346,0.4448825418949127,-0.014067156240344048,0.9841679334640503,0.4233652949333191,0.4512953758239746,-0.008564389310777187,0.9760914444923401,0.524065375328064,0.5478804707527161,-0.10651271790266037,0.9730682373046875,0.4335455894470215,0.5511570572853088,-0.08512941747903824,0.9556427001953125,0.5245068669319153,0.5821338295936584,-0.13436895608901978,0.9481667876243591,0.4325791299343109,0.5823006629943848,-0.1129782572388649,0.9219774603843689,0.5184785723686218,0.5768182873725891,-0.16148072481155396,0.9502632021903992,0.43900489807128906,0.5787056088447571,-0.13610640168190002,0.9248117208480835,0.5167205929756165,0.5662708282470703,-0.11846376955509186,0.9379249811172485,0.4411010444164276,0.5695546865463257,-0.09601834416389465,0.9111254811286926,0.5008845925331116,0.576057493686676,-0.00022827016073279083,0.9997525811195374,0.45338308811187744,0.576370894908905,0.00015130195242818445,0.9997174143791199,0.507573664188385,0.731552243232727,-0.02124582603573799,0.9901638031005859,0.45135584473609924,0.7346758246421814,0.003061513649299741,0.9873496294021606,0.5030409097671509,0.8690191507339478,0.1845822036266327,0.9831832647323608,0.45941463112831116,0.8696036338806152,0.18631291389465332,0.981916606426239,0.4964481592178345,0.8782263994216919,0.1995081752538681,0.8651544451713562,0.46381595730781555,0.8782698512077332,0.19921940565109253,0.8480148315429688,0.5062874555587769,0.9270288348197937,0.09731099754571915,0.9763320088386536,0.4530903398990631,0.9308468699455261,0.09647294133901596,0.9767736792564392
yena_sit_to_stand_normal_02,216,72,7.200906801007556,29.99622213826974,10,0.4740575850009918,0.24406766891479492,-0.19520463049411774,0.9999635815620422,0.4806912839412689,0.2304774969816208,-0.1807948797941208,0.9998458623886108,0.48435506224632263,0.23109395802021027,-0.18082204461097717,0.9998449087142944,0.48696884512901306,0.23165494203567505,-0.1808157116174698,0.9998345375061035,0.4697379767894745,0.22973157465457916,-0.17962925136089325,0.9998205304145813,0.4666151702404022,0.22980713844299316,-0.17962217330932617,0.999816358089447,0.46352335810661316,0.23011812567710876,-0.17965109646320343,0.9998114705085754,0.492810994386673,0.24166280031204224,-0.09207018464803696,0.9996311664581299,0.4605555534362793,0.2405138909816742,-0.08682622760534286,0.9995496273040771,0.48155534267425537,0.26376909017562866,-0.16177593171596527,0.9999481439590454,0.46848565340042114,0.2631041407585144,-0.16040201485157013,0.99994295835495,0.5183936953544617,0.3398064374923706,-0.04401010647416115,0.9999598264694214,0.43614256381988525,0.34201422333717346,-0.0324501097202301,0.9998903870582581,0.5314932465553284,0.4436984956264496,-0.014227238483726978,0.9839787483215332,0.4231320917606354,0.44731688499450684,0.00014576161629520357,0.9750397205352783,0.5241178274154663,0.5455656051635742,-0.10556627064943314,0.9737904667854309,0.4316905736923218,0.5477613210678101,-0.07625453919172287,0.9548444151878357,0.5244342684745789,0.5796685218811035,-0.1330268830060959,0.9496868848800659,0.4310026168823242,0.5800074338912964,-0.10389706492424011,0.9213684797286987,0.5185560584068298,0.574431836605072,-0.1604667454957962,0.9516869187355042,0.4367149770259857,0.5770508646965027,-0.12874703109264374,0.9242291450500488,0.5169102549552917,0.563518762588501,-0.11753427237272263,0.9396121501922607,0.43879634141921997,0.5671640038490295,-0.08817814290523529,0.9107771515846252,0.5005205869674683,0.5764041543006897,-0.0017444244585931301,0.9997499585151672,0.45339077711105347,0.5764414072036743,0.0016808588989078999,0.9997143149375916,0.5078020691871643,0.7315511703491211,-0.021062524989247322,0.9904688596725464,0.4512772858142853,0.7355847954750061,0.003648804035037756,0.9879341125488281,0.5033372044563293,0.8688383102416992,0.18109232187271118,0.9835671186447144,0.4595218300819397,0.8693705797195435,0.1855156421661377,0.9827335476875305,0.49696144461631775,0.877910315990448,0.19546207785606384,0.8659046292304993,0.4644232392311096,0.878121554851532,0.1986829787492752,0.8507178425788879,0.5063210129737854,0.9270062446594238,0.09423089772462845,0.9767760038375854,0.4531264305114746,0.930834174156189,0.0947687178850174,0.9775733351707458
yena_sit_to_stand_normal_02,219,73,7.3009193954659946,29.99622213826974,10,0.47462061047554016,0.24411723017692566,-0.19546808302402496,0.9999638795852661,0.4810316860675812,0.23058374226093292,-0.18102453649044037,0.999846875667572,0.48461708426475525,0.23118318617343903,-0.18105177581310272,0.9998464584350586,0.4871131181716919,0.23172877728939056,-0.1810448318719864,0.9998366236686707,0.47014495730400085,0.22985531389713287,-0.17976751923561096,0.9998201131820679,0.4669986367225647,0.22993332147598267,-0.17975857853889465,0.9998157620429993,0.46387961506843567,0.23024877905845642,-0.17979080975055695,0.9998096823692322,0.4928426444530487,0.24185584485530853,-0.09213941544294357,0.9996390342712402,0.46076467633247375,0.2405664473772049,-0.0879538431763649,0.9995452761650085,0.4818895161151886,0.26402828097343445,-0.16201888024806976,0.9999486804008484,0.4689900279045105,0.2631804347038269,-0.1605834662914276,0.9999421238899231,0.5182827115058899,0.33984020352363586,-0.044186148792505264,0.999960720539093,0.43614712357521057,0.3418864607810974,-0.03291642293334007,0.9998882412910461,0.5318515300750732,0.4437648355960846,-0.012079215608537197,0.9840608239173889,0.42264416813850403,0.4463158845901489,-0.0015323691768571734,0.9745391011238098,0.5245360136032104,0.5456562042236328,-0.10036328434944153,0.9748485684394836,0.4301626980304718,0.5471813678741455,-0.07648631185293198,0.9546494483947754,0.525173008441925,0.5799047350883484,-0.127099871635437,0.9517043232917786,0.42954128980636597,0.579673707485199,-0.10381157696247101,0.9214301705360413,0.5194417834281921,0.5746550559997559,-0.155235156416893,0.9536229372024536,0.43459752202033997,0.576861560344696,-0.12816499173641205,0.9242669343948364,0.5176426768302917,0.563771665096283,-0.11249750107526779,0.9419680237770081,0.43670520186424255,0.5671396851539612,-0.08814088255167007,0.9110430479049683,0.5006396770477295,0.5764580965042114,-0.001838992116972804,0.9997538328170776,0.45336198806762695,0.5766753554344177,0.001774673000909388,0.999717652797699,0.5068333745002747,0.7314954400062561,-0.02070208080112934,0.9906126856803894,0.4508785903453827,0.7355896830558777,0.00657575111836195,0.9882316589355469,0.5025269389152527,0.8686479330062866,0.18843823671340942,0.983552098274231,0.45923224091529846,0.8692458868026733,0.19135315716266632,0.9832398295402527,0.49675285816192627,0.8768442869186401,0.20388875901699066,0.8654938340187073,0.4632006585597992,0.8775757551193237,0.20445245504379272,0.851402997970581,0.5048729777336121,0.9267615675926208,0.10534016788005829,0.9768030643463135,0.45256564021110535,0.9308249950408936,0.10488415509462357,0.9780372977256775
yena_sit_to_stand_normal_02,222,74,7.400931989924433,29.99622213826974,10,0.47501394152641296,0.24421490728855133,-0.19427314400672913,0.9999637603759766,0.48125186562538147,0.23067700862884521,-0.1796686351299286,0.9998461008071899,0.4846948981285095,0.2312743365764618,-0.1796947866678238,0.9998460412025452,0.4872087836265564,0.23183304071426392,-0.17969182133674622,0.9998367428779602,0.47035276889801025,0.2299167364835739,-0.17879118025302887,0.9998171925544739,0.4670981168746948,0.2299775779247284,-0.1787833720445633,0.9998121857643127,0.4639849364757538,0.23033900558948517,-0.1788073182106018,0.9998048543930054,0.4929543733596802,0.2419481873512268,-0.09051255881786346,0.9996404051780701,0.46077293157577515,0.24101166427135468,-0.08734311163425446,0.9995332956314087,0.48225075006484985,0.2640995681285858,-0.16073621809482574,0.999948263168335,0.4692874252796173,0.26330944895744324,-0.15975956618785858,0.9999401569366455,0.518480122089386,0.3403152525424957,-0.04328158125281334,0.9999608397483826,0.43623700737953186,0.3419095277786255,-0.03338783606886864,0.9998855590820312,0.5318596363067627,0.4440688192844391,-0.011192923411726952,0.9837564826011658,0.4223666787147522,0.4459993839263916,-0.002169629791751504,0.9739395380020142,0.5248063206672668,0.5456356406211853,-0.09971154481172562,0.9755074977874756,0.42961448431015015,0.5460758209228516,-0.07577188313007355,0.9541142582893372,0.5254698991775513,0.5800184607505798,-0.12641575932502747,0.9530267715454102,0.4288593828678131,0.578594982624054,-0.10284201800823212,0.9210101962089539,0.519751250743866,0.5746632218360901,-0.15432624518871307,0.9548748731613159,0.4340600073337555,0.5758810043334961,-0.12698711454868317,0.9238318204879761,0.5179306864738464,0.5638344883918762,-0.11186210066080093,0.943509578704834,0.4362183213233948,0.5659400820732117,-0.08738040179014206,0.9108254909515381,0.5006374716758728,0.5781469345092773,-0.0012872186489403248,0.9997574687004089,0.4533523917198181,0.5774171352386475,0.001218494726344943,0.9997212886810303,0.5066335797309875,0.7318474054336548,-0.020427385345101357,0.9906834959983826,0.4508693516254425,0.7369387149810791,0.0063579510897397995,0.9885522723197937,0.5015814900398254,0.8686343431472778,0.18884466588497162,0.983536958694458,0.4595046937465668,0.8683205842971802,0.19221864640712738,0.9837137460708618,0.4959263801574707,0.8771041035652161,0.20423756539821625,0.8664409518241882,0.463387131690979,0.8768236637115479,0.20534369349479675,0.8519942164421082,0.5053240656852722,0.9265505075454712,0.10569500178098679,0.9768785834312439,0.4525732696056366,0.930894136428833,0.10611855238676071,0.978508472442627
yena_sit_to_stand_normal_02,225,75,7.5009445843828715,29.99622213826974,10,0.475241094827652,0.24451515078544617,-0.20123741030693054,0.9999634027481079,0.48153015971183777,0.23139047622680664,-0.18653754889965057,0.9998441934585571,0.48497071862220764,0.2319328635931015,-0.18656863272190094,0.9998446106910706,0.4875233471393585,0.2323884516954422,-0.18657249212265015,0.9998356103897095,0.4706398546695709,0.2306639701128006,-0.18582062423229218,0.9998126029968262,0.467397540807724,0.23073194921016693,-0.18581387400627136,0.9998071789741516,0.4642939567565918,0.231051966547966,-0.1858350783586502,0.9997985363006592,0.4933406114578247,0.24233028292655945,-0.09548937529325485,0.9996427297592163,0.46105459332466125,0.2412278652191162,-0.0924721285700798,0.9995185732841492,0.4825296998023987,0.26424118876457214,-0.1667686104774475,0.999948263168335,0.46964892745018005,0.2634933888912201,-0.1659744530916214,0.9999386072158813,0.5188202857971191,0.34048715233802795,-0.04596080258488655,0.9999617338180542,0.4368225336074829,0.34180599451065063,-0.034273043274879456,0.9998835325241089,0.5318800806999207,0.4439994692802429,-0.011013681069016457,0.9838448166847229,0.42234930396080017,0.4447263181209564,-0.0011152125662192702,0.9737356901168823,0.5249760746955872,0.5456034541130066,-0.09976547211408615,0.9762945175170898,0.42891818284988403,0.5451345443725586,-0.07594924420118332,0.9544007182121277,0.5255995988845825,0.5800884962081909,-0.126569002866745,0.954507052898407,0.4280228018760681,0.577545702457428,-0.10313601791858673,0.9216642379760742,0.5201755166053772,0.5747323036193848,-0.15462659299373627,0.9562985897064209,0.43361252546310425,0.5751749277114868,-0.12751440703868866,0.9244691133499146,0.5183563828468323,0.5638827681541443,-0.11198063939809799,0.9452603459358215,0.43580931425094604,0.56525057554245,-0.08771274983882904,0.9116891622543335,0.5007192492485046,0.5771151185035706,-0.0020613381639122963,0.9997593760490417,0.45334896445274353,0.5763031244277954,0.0020023887045681477,0.9997199773788452,0.5063837170600891,0.7313233613967896,-0.02441067434847355,0.990634024143219,0.45095062255859375,0.7362033128738403,0.006231644656509161,0.9885969758033752,0.5009323358535767,0.8683176636695862,0.1883848011493683,0.9831092357635498,0.4594302773475647,0.8676089644432068,0.19318856298923492,0.983844518661499,0.4956394135951996,0.8761268258094788,0.20398221909999847,0.8640694618225098,0.4633077383041382,0.8754620552062988,0.20651981234550476,0.8508948087692261,0.5047082304954529,0.9259374141693115,0.10460446774959564,0.9764759540557861,0.452204167842865,0.9308885335922241,0.10601508617401123,0.9786013960838318
yena_sit_to_stand_normal_02,228,76,7.60095717884131,29.99622213826974,10,0.47596320509910583,0.24457764625549316,-0.2045934796333313,0.999963104724884,0.4821765720844269,0.23144493997097015,-0.1894131749868393,0.9998427033424377,0.48551103472709656,0.23202526569366455,-0.1894443780183792,0.9998435974121094,0.48801130056381226,0.2325785607099533,-0.189450204372406,0.9998347759246826,0.47124478220939636,0.23071904480457306,-0.18898612260818481,0.9998081922531128,0.46794262528419495,0.23079626262187958,-0.18897700309753418,0.9998021125793457,0.4648146629333496,0.2311243861913681,-0.18899814784526825,0.9997919201850891,0.4937003552913666,0.242771178483963,-0.0972953736782074,0.9996445178985596,0.4614659547805786,0.24145926535129547,-0.0952233299612999,0.999505341053009,0.48313385248184204,0.2643722891807556,-0.16981270909309387,0.9999486207962036,0.4702475965023041,0.2635699510574341,-0.16932588815689087,0.9999376535415649,0.5188061594963074,0.34106406569480896,-0.048469461500644684,0.9999628067016602,0.43682947754859924,0.34187331795692444,-0.03781912103295326,0.9998802542686462,0.5318194031715393,0.44440171122550964,-0.014220026321709156,0.9836068749427795,0.4222857356071472,0.4447838366031647,-0.0038183124270290136,0.9733183979988098,0.5255863666534424,0.5465375185012817,-0.10754246264696121,0.9769074320793152,0.4288739860057831,0.5453310012817383,-0.0778866559267044,0.9544423222541809,0.5265353918075562,0.5813038945198059,-0.13546137511730194,0.9558149576187134,0.42799049615859985,0.5778301954269409,-0.10577557235956192,0.9219929575920105,0.5208277702331543,0.5755890011787415,-0.1643027365207672,0.9575414657592773,0.43362393975257874,0.5751246809959412,-0.1301547884941101,0.924734890460968,0.5188897848129272,0.5646122694015503,-0.12026135623455048,0.9467909932136536,0.43579503893852234,0.5652651190757751,-0.08964081108570099,0.912089467048645,0.5007895231246948,0.5779771208763123,-0.002391752088442445,0.9997679591178894,0.4533500671386719,0.5771796107292175,0.00233289017342031,0.9997248649597168,0.5063839554786682,0.7325669527053833,-0.0242170263081789,0.990702748298645,0.4508002996444702,0.7366305589675903,0.017733627930283546,0.9886471033096313,0.5009315013885498,0.8684771656990051,0.1972256749868393,0.9828991889953613,0.45944342017173767,0.8647379875183105,0.22525902092456818,0.9839349389076233,0.49557530879974365,0.8761505484580994,0.21388527750968933,0.8626693487167358,0.4633031487464905,0.8719322681427002,0.24079616367816925,0.8506519198417664,0.5042247176170349,0.9265252351760864,0.11216212064027786,0.9764202833175659,0.4523991346359253,0.9290789365768433,0.14215612411499023,0.9788160920143127
yena_sit_to_stand_normal_02,231,77,7.7009697732997475,29.99622213826974,10,0.476870059967041,0.24651481211185455,-0.20186230540275574,0.9999647736549377,0.48308417201042175,0.23290130496025085,-0.1871756762266159,0.999849796295166,0.4861353933811188,0.23331831395626068,-0.18720565736293793,0.9998506307601929,0.48902666568756104,0.23382624983787537,-0.18720659613609314,0.9998424649238586,0.4722025692462921,0.23234164714813232,-0.18675994873046875,0.9998167753219604,0.4686834216117859,0.23238332569599152,-0.18673919141292572,0.9998102784156799,0.4656740427017212,0.23266588151454926,-0.1867513507604599,0.9998003840446472,0.49422043561935425,0.24368980526924133,-0.09629149734973907,0.9996635913848877,0.46187132596969604,0.2421514391899109,-0.09432428330183029,0.999527633190155,0.4837859272956848,0.26572689414024353,-0.16740041971206665,0.9999507665634155,0.47092926502227783,0.26522743701934814,-0.1669526994228363,0.9999399781227112,0.5190606713294983,0.34151583909988403,-0.04848969727754593,0.9999637007713318,0.43706828355789185,0.34201282262802124,-0.03297366201877594,0.9998806118965149,0.5324440598487854,0.444421648979187,-0.016101263463497162,0.9839664697647095,0.42253607511520386,0.44479888677597046,0.0027269497513771057,0.9727832078933716,0.5262366533279419,0.5468378067016602,-0.10754477977752686,0.9777718186378479,0.42888301610946655,0.5453457832336426,-0.0741460844874382,0.9545759558677673,0.5272971391677856,0.5818705558776855,-0.13536791503429413,0.9574236273765564,0.42795127630233765,0.577630341053009,-0.10120473802089691,0.9225454926490784,0.5216525197029114,0.5763424634933472,-0.1635916531085968,0.9590767621994019,0.43354904651641846,0.5750611424446106,-0.1270170658826828,0.9253337979316711,0.519539475440979,0.5650008320808411,-0.11991237848997116,0.9486190676689148,0.43570634722709656,0.5651821494102478,-0.08643742650747299,0.9130011796951294,0.5008342862129211,0.5783690214157104,-0.004411626141518354,0.9997652769088745,0.45342501997947693,0.5775453448295593,0.004367595072835684,0.9997251033782959,0.5064854025840759,0.7325813174247742,-0.02315002679824829,0.9911133646965027,0.4506273567676544,0.7366841435432434,0.00694757467135787,0.9892552495002747,0.5016087889671326,0.8685482740402222,0.17568418383598328,0.9835675358772278,0.45942422747612,0.8654907941818237,0.18173837661743164,0.9847593903541565,0.4963078796863556,0.877402663230896,0.188974067568779,0.865236759185791,0.463411420583725,0.8740787506103516,0.1933378428220749,0.8558833599090576,0.5044448375701904,0.9264293313026428,0.08764273673295975,0.9771156907081604,0.4510735273361206,0.9298476576805115,0.0952964648604393,0.9796303510665894
yena_sit_to_stand_normal_02,234,78,7.800982367758186,29.99622213826974,10,0.4779553711414337,0.24666853249073029,-0.19653312861919403,0.9999644756317139,0.4839550256729126,0.23315733671188354,-0.18159641325473785,0.9998483061790466,0.4868302047252655,0.23361752927303314,-0.1816255748271942,0.999849259853363,0.4897267520427704,0.2341669499874115,-0.18162982165813446,0.9998415112495422,0.4731369614601135,0.23246373236179352,-0.18184757232666016,0.9998149871826172,0.46948835253715515,0.23248843848705292,-0.18183045089244843,0.9998080730438232,0.4665611684322357,0.23276501893997192,-0.1818447709083557,0.9997977614402771,0.49472013115882874,0.24411442875862122,-0.09101938456296921,0.9996654391288757,0.4623889625072479,0.24235916137695312,-0.09209882467985153,0.9995218515396118,0.4845576286315918,0.2660372257232666,-0.1622057855129242,0.999950110912323,0.4717811048030853,0.2655901312828064,-0.16266964375972748,0.9999384880065918,0.5190785527229309,0.34158048033714294,-0.04565833881497383,0.9999635815620422,0.43715351819992065,0.34206855297088623,-0.032691169530153275,0.9998776912689209,0.5324451327323914,0.444365918636322,-0.011448795907199383,0.9838842153549194,0.4228055775165558,0.44493046402931213,0.002113948343321681,0.9721764326095581,0.5263684391975403,0.546838641166687,-0.0976809486746788,0.9781575798988342,0.4291703402996063,0.5454427599906921,-0.07266407459974289,0.9542469382286072,0.5273438096046448,0.5818774700164795,-0.1241319552063942,0.9582532644271851,0.4281896948814392,0.5776492953300476,-0.0992257371544838,0.92234206199646,0.5218598246574402,0.5764032006263733,-0.1520567238330841,0.9598658680915833,0.4336187243461609,0.5752373933792114,-0.12459162622690201,0.9251581430435181,0.5197875499725342,0.5650675296783447,-0.1098208948969841,0.9495951533317566,0.43579548597335815,0.5654908418655396,-0.08471988886594772,0.9129825830459595,0.5011637806892395,0.5782729387283325,-0.004463187884539366,0.9997608661651611,0.45360100269317627,0.5775740742683411,0.004421008285135031,0.9997203946113586,0.5066104531288147,0.7329106330871582,-0.02347504533827305,0.991305410861969,0.45061808824539185,0.7369272112846375,0.006977978628128767,0.9894552230834961,0.5013136863708496,0.8687572479248047,0.17649789154529572,0.983620822429657,0.45909085869789124,0.8668749332427979,0.1826724410057068,0.9851445555686951,0.49617573618888855,0.8772172331809998,0.19052143394947052,0.8642024993896484,0.46318724751472473,0.8751100301742554,0.19448424875736237,0.8574408888816833,0.5040944218635559,0.9264367818832397,0.0906151607632637,0.9770823121070862,0.45061397552490234,0.9301378726959229,0.09583859145641327,0.9799332022666931
yena_sit_to_stand_normal_02,237,79,7.9009949622166245,29.99622213826974,10,0.47797685861587524,0.24757996201515198,-0.19142477214336395,0.9999650716781616,0.4840606451034546,0.23363295197486877,-0.1768677681684494,0.9998504519462585,0.4869200587272644,0.2341204583644867,-0.1768944412469864,0.9998515844345093,0.4898829460144043,0.23469609022140503,-0.17689202725887299,0.9998441338539124,0.4732138216495514,0.23297390341758728,-0.17667995393276215,0.9998170733451843,0.46956345438957214,0.23300345242023468,-0.1766669601202011,0.9998098611831665,0.4666372239589691,0.23335887491703033,-0.1766824871301651,0.9997994899749756,0.49492186307907104,0.24451932311058044,-0.08792857080698013,0.9996712803840637,0.4624728560447693,0.24303148686885834,-0.0872262567281723,0.9995256662368774,0.48457083106040955,0.2667699456214905,-0.15782590210437775,0.9999504089355469,0.47181016206741333,0.2664904296398163,-0.15771038830280304,0.9999383687973022,0.5192808508872986,0.342182457447052,-0.04280935600399971,0.9999637007713318,0.4372238218784332,0.3421612083911896,-0.032417941838502884,0.9998778700828552,0.532458484172821,0.44478151202201843,-0.011259614489972591,0.9837266802787781,0.42316877841949463,0.44496965408325195,0.0007761593442410231,0.9722239375114441,0.526379406452179,0.5468502640724182,-0.09830135852098465,0.9786072373390198,0.42957770824432373,0.545320451259613,-0.07366718351840973,0.954595148563385,0.5273379683494568,0.5818438529968262,-0.125025674700737,0.9591363072395325,0.4285636246204376,0.5775326490402222,-0.10045929998159409,0.9230148792266846,0.5218641757965088,0.5763166546821594,-0.15302224457263947,0.9607027769088745,0.43394413590431213,0.5751575231552124,-0.12524046003818512,0.9258219599723816,0.5198094248771667,0.5651074647903442,-0.11043833196163177,0.9506111145019531,0.4361802339553833,0.565365731716156,-0.08554449677467346,0.9139006733894348,0.501069188117981,0.5797587633132935,-0.003363996744155884,0.9997611045837402,0.4536413252353668,0.5780308246612549,0.003306032856926322,0.999722421169281,0.5066130757331848,0.7328782677650452,-0.021545352414250374,0.9915222525596619,0.45062360167503357,0.737736701965332,0.004852233920246363,0.9898553490638733,0.5014354586601257,0.8687690496444702,0.17681266367435455,0.9839950203895569,0.4590786099433899,0.8668466210365295,0.18137887120246887,0.9856725335121155,0.4962467551231384,0.8775367736816406,0.19082026183605194,0.866209864616394,0.46334224939346313,0.8751227855682373,0.19338062405586243,0.8596279621124268,0.5044418573379517,0.926346480846405,0.09107302874326706,0.9775302410125732,0.4508802592754364,0.9301544427871704,0.0947577953338623,0.9804731607437134
yena_sit_to_stand_normal_02,240,80,8.001007556675063,29.99622213826974,10,0.47805672883987427,0.24866434931755066,-0.20105277001857758,0.9999657869338989,0.48414334654808044,0.23445570468902588,-0.1864824742078781,0.9998537302017212,0.4871044456958771,0.23484598100185394,-0.18652287125587463,0.9998548626899719,0.49002933502197266,0.23530267179012299,-0.186533123254776,0.9998477101325989,0.47328779101371765,0.2339896410703659,-0.1856474131345749,0.9998201131820679,0.4697231948375702,0.23406924307346344,-0.18563540279865265,0.9998123645782471,0.4667879343032837,0.23450690507888794,-0.18565423786640167,0.9998018145561218,0.4951435625553131,0.24479231238365173,-0.09484125673770905,0.9996824264526367,0.4626865088939667,0.2437180131673813,-0.09097585827112198,0.9995340704917908,0.48485472798347473,0.2676219642162323,-0.16605378687381744,0.9999517798423767,0.47206372022628784,0.2676803171634674,-0.1650463491678238,0.9999393820762634,0.5198750495910645,0.3423207998275757,-0.047421276569366455,0.9999648928642273,0.4377290606498718,0.3422083258628845,-0.03133202716708183,0.999877393245697,0.5327427983283997,0.44555673003196716,-0.015708746388554573,0.9838813543319702,0.4232897162437439,0.4451378285884857,0.004049610812216997,0.9716539978981018,0.5265320539474487,0.5478591918945312,-0.10871589183807373,0.9790547490119934,0.4296490252017975,0.5454842448234558,-0.07365263998508453,0.9542517066001892,0.527500569820404,0.5820821523666382,-0.13757985830307007,0.9600298404693604,0.4285997450351715,0.5775696635246277,-0.10053542256355286,0.922738790512085,0.5221888422966003,0.5767823457717896,-0.1651749163866043,0.9615637063980103,0.4339573085308075,0.5752797722816467,-0.1255476176738739,0.9255762100219727,0.5201566219329834,0.5655723810195923,-0.12085442245006561,0.9516142010688782,0.4362223744392395,0.5654433369636536,-0.0856708437204361,0.9137709736824036,0.5018407106399536,0.5797659754753113,-0.006075172685086727,0.9997624754905701,0.45421627163887024,0.5782366991043091,0.006040746346116066,0.9997203946113586,0.5066101551055908,0.7335232496261597,-0.030148381367325783,0.9915571808815002,0.45062753558158875,0.7386341094970703,0.005146772135049105,0.9898930191993713,0.5009201169013977,0.8706735372543335,0.17539280652999878,0.9839471578598022,0.4591776430606842,0.8675217032432556,0.18740154802799225,0.9858518838882446,0.49515500664711,0.8800812363624573,0.18988625705242157,0.8656424880027771,0.4633544683456421,0.8766049146652222,0.20006798207759857,0.8609034419059753,0.5044621825218201,0.9265738725662231,0.0889127105474472,0.9774706363677979,0.45099660754203796,0.9303118586540222,0.10031300038099289,0.9806265234947205
yena_sit_to_stand_normal_02,243,81,8.1010201511335,29.99622213826974,10,0.4792948067188263,0.24862097203731537,-0.2003001719713211,0.9999657273292542,0.4851206839084625,0.23449087142944336,-0.1851431429386139,0.9998533725738525,0.4879210889339447,0.23488622903823853,-0.18517731130123138,0.9998549222946167,0.4908265769481659,0.23533694446086884,-0.1851782649755478,0.9998478293418884,0.47439515590667725,0.23401154577732086,-0.1855427473783493,0.9998193979263306,0.4706920087337494,0.23409348726272583,-0.18553230166435242,0.9998118877410889,0.46773597598075867,0.23452991247177124,-0.1855514794588089,0.9998008012771606,0.49569156765937805,0.2450774908065796,-0.09208715707063675,0.9996833801269531,0.46333685517311096,0.24407072365283966,-0.0923093929886818,0.999531626701355,0.4859038293361664,0.2676570415496826,-0.16490890085697174,0.9999514222145081,0.47315865755081177,0.267694354057312,-0.16487812995910645,0.9999384880065918,0.5199108719825745,0.34250521659851074,-0.04207759350538254,0.9999648928642273,0.4380781352519989,0.3422924280166626,-0.035635028034448624,0.9998760223388672,0.5331041216850281,0.44557568430900574,-0.004938459489494562,0.9838139414787292,0.42369577288627625,0.4451313018798828,-0.0020475047640502453,0.9718757271766663,0.5267338156700134,0.5467472672462463,-0.09432055056095123,0.9794339537620544,0.42981940507888794,0.545560896396637,-0.07817450910806656,0.9547024965286255,0.5275043249130249,0.581139326095581,-0.12083423882722855,0.9606998562812805,0.4288092255592346,0.5775511264801025,-0.10556098818778992,0.9234609603881836,0.5222299098968506,0.5758441686630249,-0.14913341403007507,0.9622368216514587,0.4341217577457428,0.5752362012863159,-0.13019882142543793,0.9263056516647339,0.5203386545181274,0.5646000504493713,-0.10667059570550919,0.952420175075531,0.43631938099861145,0.5654463171958923,-0.08993943780660629,0.9146092534065247,0.5019177198410034,0.5791702270507812,-0.002735942369326949,0.9997587203979492,0.45428213477134705,0.5781393051147461,0.0026916691567748785,0.9997168183326721,0.5067398548126221,0.7325512170791626,-0.018407080322504044,0.9916372895240784,0.451239675283432,0.7370472550392151,0.004029231145977974,0.990030825138092,0.5018813610076904,0.8706299662590027,0.17735281586647034,0.9841198325157166,0.45947739481925964,0.8681613802909851,0.18062663078308105,0.9860992431640625,0.49653759598731995,0.8797265291213989,0.19116292893886566,0.866007924079895,0.46367114782333374,0.8771972060203552,0.1924414336681366,0.8604621887207031,0.5046204924583435,0.9265753030776978,0.0892316922545433,0.9776690006256104,0.4523513615131378,0.9303333759307861,0.08998377621173859,0.9808205366134644
yena_sit_to_stand_normal_02,246,82,8.20103274559194,29.99622213826974,10,0.47943389415740967,0.24863363802433014,-0.19348876178264618,0.9999650120735168,0.48537084460258484,0.23451519012451172,-0.17862829566001892,0.9998493790626526,0.4881874620914459,0.23491649329662323,-0.1786525547504425,0.9998512268066406,0.4910772740840912,0.2353762537240982,-0.17864038050174713,0.9998437166213989,0.47462621331214905,0.2340262234210968,-0.1788882464170456,0.9998151659965515,0.47094830870628357,0.23411184549331665,-0.17887571454048157,0.9998073577880859,0.4679920971393585,0.23454596102237701,-0.17889830470085144,0.9997954964637756,0.4960472881793976,0.2451557070016861,-0.08847115188837051,0.9996740221977234,0.463655024766922,0.24424895644187927,-0.08921085298061371,0.9995193481445312,0.485998272895813,0.2676894962787628,-0.15951703488826752,0.9999492764472961,0.4733039438724518,0.2677324116230011,-0.1597525030374527,0.9999358057975769,0.5201321244239807,0.34305062890052795,-0.04142242297530174,0.9999638795852661,0.43831220269203186,0.34241485595703125,-0.03520951047539711,0.9998740553855896,0.5331624746322632,0.4456115961074829,-0.007092983927577734,0.9834819436073303,0.42387062311172485,0.445309579372406,-0.0022351618390530348,0.9716531038284302,0.5266700387001038,0.546696662902832,-0.09872644394636154,0.9795700907707214,0.43005892634391785,0.5455902814865112,-0.07717154175043106,0.9544896483421326,0.5273752808570862,0.5810942053794861,-0.12519483268260956,0.9610130190849304,0.42913541197776794,0.5775645971298218,-0.10386364161968231,0.9232439398765564,0.5221560597419739,0.5758076310157776,-0.15285822749137878,0.9625269770622253,0.43429479002952576,0.5752318501472473,-0.12862907350063324,0.9261078834533691,0.520305335521698,0.5645477771759033,-0.11097048968076706,0.9527548551559448,0.4364624619483948,0.5655257105827332,-0.08893199265003204,0.9146213531494141,0.502008318901062,0.5798014998435974,-0.0020890722516924143,0.999752938747406,0.454713374376297,0.5783899426460266,0.0020379002671688795,0.9997161626815796,0.507920503616333,0.7327505350112915,-0.014110787771642208,0.9918434023857117,0.4513903558254242,0.7370409369468689,0.0035534417256712914,0.9903968572616577,0.5024064183235168,0.8708329796791077,0.17424599826335907,0.9845731258392334,0.4595879912376404,0.8681753873825073,0.1767115741968155,0.9865878820419312,0.4965539872646332,0.8807182312011719,0.1868411749601364,0.8684852719306946,0.4637605845928192,0.8772569894790649,0.1879771649837494,0.8629444241523743,0.5057373642921448,0.9265713691711426,0.08438904583454132,0.9781658053398132,0.4522179961204529,0.9298389554023743,0.08695868402719498,0.981303334236145
yena_sit_to_stand_normal_02,249,83,8.301045340050377,29.99622213826974,10,0.47943344712257385,0.24884600937366486,-0.19238847494125366,0.999965488910675,0.4853747487068176,0.23487377166748047,-0.17785458266735077,0.999851405620575,0.48822975158691406,0.23525148630142212,-0.17788253724575043,0.9998531937599182,0.49110424518585205,0.23564712703227997,-0.177874356508255,0.9998458027839661,0.4746442139148712,0.23435832560062408,-0.17788028717041016,0.9998174905776978,0.4710465967655182,0.23444746434688568,-0.1778697520494461,0.9998095035552979,0.46813979744911194,0.23483534157276154,-0.17788907885551453,0.999798059463501,0.49611079692840576,0.2452031672000885,-0.08843684941530228,0.9996811747550964,0.46385812759399414,0.24430318176746368,-0.08854251354932785,0.9995279908180237,0.4860340654850006,0.2679932117462158,-0.15862689912319183,0.9999501705169678,0.4733521640300751,0.2680400013923645,-0.15865035355091095,0.9999369978904724,0.5202868580818176,0.34310734272003174,-0.041549764573574066,0.9999648928642273,0.4386638104915619,0.34244227409362793,-0.034164439886808395,0.9998751878738403,0.5332401394844055,0.4456108510494232,-0.00879533402621746,0.9838481545448303,0.4239956736564636,0.4463343620300293,-0.002260685432702303,0.9720588326454163,0.5266900658607483,0.5466959476470947,-0.10098124295473099,0.9803860187530518,0.4301806092262268,0.5467674136161804,-0.0784931629896164,0.9554286003112793,0.5273707509040833,0.5810878872871399,-0.12863437831401825,0.9625100493431091,0.4292599558830261,0.578129768371582,-0.10575161874294281,0.924771785736084,0.522152841091156,0.5758117437362671,-0.1557334065437317,0.963954508304596,0.4346408247947693,0.5755888819694519,-0.13054627180099487,0.9276059865951538,0.5203118324279785,0.5645702481269836,-0.11289102584123611,0.9544885158538818,0.43673524260520935,0.5658950209617615,-0.09022906422615051,0.9163528680801392,0.5019091367721558,0.5796071290969849,-0.0020647759083658457,0.9997519850730896,0.45472005009651184,0.5783372521400452,0.0020125259179621935,0.999714195728302,0.5079200267791748,0.7324419617652893,-0.01567344181239605,0.991977334022522,0.45139408111572266,0.7369988560676575,0.003149246098473668,0.9905536770820618,0.5026289820671082,0.8703358173370361,0.17413802444934845,0.9846968054771423,0.45951229333877563,0.8681736588478088,0.175352543592453,0.986735999584198,0.49677079916000366,0.8801631331443787,0.1871306598186493,0.8678203821182251,0.46382632851600647,0.8772029280662537,0.186777263879776,0.8625578284263611,0.5056803822517395,0.9262610673904419,0.08522618561983109,0.9781957864761353,0.45255497097969055,0.9299536943435669,0.08592173457145691,0.9813422560691833
yena_sit_to_stand_normal_02,252,84,8.401057934508817,29.99622213826974,10,0.47942525148391724,0.24889874458312988,-0.19571243226528168,0.9999645352363586,0.4853919446468353,0.2348984181880951,-0.18073660135269165,0.999846875667572,0.4882647693157196,0.2352759838104248,-0.1807681918144226,0.9998493194580078,0.49111297726631165,0.23567651212215424,-0.18076983094215393,0.9998420476913452,0.4746392071247101,0.23437373340129852,-0.18032987415790558,0.9998098015785217,0.47105300426483154,0.2344651073217392,-0.18032541871070862,0.9998019933700562,0.46813952922821045,0.23485809564590454,-0.18034809827804565,0.9997894167900085,0.4962063133716583,0.2452407330274582,-0.09101057052612305,0.9996750354766846,0.46390634775161743,0.2444256842136383,-0.08934251964092255,0.9995043277740479,0.48603931069374084,0.2681165933609009,-0.1619889885187149,0.9999492168426514,0.47334665060043335,0.26813217997550964,-0.16151146590709686,0.9999345541000366,0.5205128192901611,0.3437049388885498,-0.04639599099755287,0.9999649524688721,0.4386634826660156,0.3428587019443512,-0.03447501361370087,0.9998694658279419,0.5332548022270203,0.4474686086177826,-0.0153480414301157,0.9837762713432312,0.42413219809532166,0.4464631676673889,-0.0022374943364411592,0.9714189171791077,0.526651918888092,0.5488826632499695,-0.10727265477180481,0.9806247353553772,0.4305082857608795,0.5458701848983765,-0.07793240994215012,0.9549204111099243,0.5274009704589844,0.5830166935920715,-0.13491204380989075,0.9630282521247864,0.4296691119670868,0.5779651403427124,-0.10529957711696625,0.9243324995040894,0.5221436619758606,0.5778352618217468,-0.162383034825325,0.9644432663917542,0.43502143025398254,0.5754029750823975,-0.12962040305137634,0.9271750450134277,0.5202035307884216,0.5670828819274902,-0.11928446590900421,0.9550952315330505,0.4371550679206848,0.5656343102455139,-0.08957884460687637,0.915890634059906,0.5021358728408813,0.5799674391746521,-0.002734191482886672,0.9997529983520508,0.4548198878765106,0.5791243314743042,0.002674124203622341,0.9997115731239319,0.507761538028717,0.732560932636261,-0.02364436164498329,0.9920045137405396,0.4510970115661621,0.7381333708763123,0.003800236387178302,0.9905949234962463,0.5020530223846436,0.869853138923645,0.19080938398838043,0.9845170974731445,0.4595024287700653,0.8658885359764099,0.1959972381591797,0.9867640137672424,0.4963575601577759,0.878750205039978,0.2072952687740326,0.8663955330848694,0.46360543370246887,0.8739213943481445,0.2100459635257721,0.8614934682846069,0.5055006146430969,0.9262440800666809,0.10851798951625824,0.9780188798904419,0.4525531828403473,0.9298323392868042,0.11174093931913376,0.9813621044158936
yena_sit_to_stand_normal_02,255,85,8.501070528967254,29.99622213826974,10,0.4793781340122223,0.25039973855018616,-0.19731400907039642,0.9999632835388184,0.48535189032554626,0.2357863187789917,-0.18275776505470276,0.9998416900634766,0.4882548451423645,0.23610322177410126,-0.18278931081295013,0.9998443126678467,0.4911060929298401,0.2363521009683609,-0.18278121948242188,0.9998361468315125,0.4745602309703827,0.23539838194847107,-0.1827094405889511,0.9998035430908203,0.47098416090011597,0.23549921810626984,-0.18270525336265564,0.9997957348823547,0.4680815637111664,0.23590262234210968,-0.182731494307518,0.9997827410697937,0.4961950480937958,0.24543806910514832,-0.0926678478717804,0.9996631741523743,0.4638746976852417,0.24503417313098907,-0.09269434958696365,0.9994934797286987,0.48602601885795593,0.26931488513946533,-0.16324526071548462,0.9999474883079529,0.4733375906944275,0.26960331201553345,-0.16322973370552063,0.9999329447746277,0.5208882689476013,0.34414511919021606,-0.04575597494840622,0.999964714050293,0.43867218494415283,0.3434361219406128,-0.0381275936961174,0.9998704791069031,0.5331536531448364,0.449338436126709,-0.014505318365991116,0.9836133718490601,0.42431002855300903,0.44839656352996826,-0.008251086808741093,0.9719516038894653,0.5259914398193359,0.5507633686065674,-0.10820166766643524,0.9807837009429932,0.43101078271865845,0.5478070378303528,-0.08782283216714859,0.9557526111602783,0.5265419483184814,0.5838871002197266,-0.13630419969558716,0.9633601903915405,0.4303417503833771,0.5794190168380737,-0.11578766256570816,0.9256551265716553,0.5214195847511292,0.578650176525116,-0.1637234389781952,0.9647635221481323,0.4356524348258972,0.5762693881988525,-0.14057797193527222,0.9284535646438599,0.519615888595581,0.5680813193321228,-0.12033835053443909,0.9554839134216309,0.437722384929657,0.5665967464447021,-0.09953509271144867,0.9172828197479248,0.5020416975021362,0.5798091292381287,-0.0009128081146627665,0.9997490644454956,0.4546374976634979,0.5791301727294922,0.0008559234556742013,0.9997074007987976,0.5077561140060425,0.732505738735199,-0.018715528771281242,0.9919624328613281,0.45164650678634644,0.7371489405632019,0.0014112411299720407,0.9906604886054993,0.50240159034729,0.8699970245361328,0.17671649158000946,0.9845813512802124,0.45940259099006653,0.8664135932922363,0.17704179883003235,0.9867860674858093,0.49666839838027954,0.8791153430938721,0.18985579907894135,0.8671608567237854,0.46345844864845276,0.8749076724052429,0.18869659304618835,0.8602890968322754,0.5056761503219604,0.9262921810150146,0.08702108263969421,0.9780524373054504,0.4528469741344452,0.9296810030937195,0.0854523628950119,0.9812638759613037
yena_sit_to_stand_normal_02,258,86,8.601083123425692,29.99622213826974,10,0.47932499647140503,0.2510266900062561,-0.2236814945936203,0.9999639987945557,0.48534446954727173,0.2363351285457611,-0.20757326483726501,0.9998446106910706,0.4882631003856659,0.23675517737865448,-0.20760951936244965,0.9998472929000854,0.4911080002784729,0.23707829415798187,-0.2076038271188736,0.9998387694358826,0.4743591547012329,0.23584596812725067,-0.20745371282100677,0.9998059868812561,0.47083228826522827,0.23591068387031555,-0.20744876563549042,0.9997984766960144,0.4678145945072174,0.23632468283176422,-0.2074717879295349,0.9997850060462952,0.4962595999240875,0.2462311089038849,-0.10938482731580734,0.999668538570404,0.4638274908065796,0.2457921952009201,-0.10883859544992447,0.9994983673095703,0.4860270917415619,0.27033722400665283,-0.18666844069957733,0.999949038028717,0.4732365310192108,0.2704882025718689,-0.18661870062351227,0.9999346137046814,0.5209720730781555,0.3449861705303192,-0.057198069989681244,0.9999658465385437,0.43864086270332336,0.34486961364746094,-0.04504537582397461,0.9998682141304016,0.5331594944000244,0.4498293995857239,-0.024850623682141304,0.9837134480476379,0.42434653639793396,0.453018456697464,-0.012028873898088932,0.9720720648765564,0.5258721709251404,0.552134096622467,-0.12957483530044556,0.9810411930084229,0.4320356249809265,0.5520910620689392,-0.09701921045780182,0.9558417797088623,0.5265243649482727,0.5849334001541138,-0.16060850024223328,0.9637991786003113,0.4312732517719269,0.581480860710144,-0.12690727412700653,0.9256934523582458,0.5212073922157288,0.5797452926635742,-0.18817615509033203,0.9651979804039001,0.4374178647994995,0.5777338147163391,-0.15079747140407562,0.9284120202064514,0.5193440914154053,0.569082498550415,-0.14195817708969116,0.9559199810028076,0.439327597618103,0.568853497505188,-0.10837282240390778,0.9169672727584839,0.5021697878837585,0.5816651582717896,-0.00340874376706779,0.9997532963752747,0.45474866032600403,0.582251787185669,0.0033503526356071234,0.9997047185897827,0.5064764618873596,0.7334365844726562,-0.02340879663825035,0.9920223951339722,0.4513159990310669,0.7380279302597046,0.0021313128527253866,0.9907764196395874,0.502132773399353,0.8701708316802979,0.20294852554798126,0.9847092628479004,0.45961540937423706,0.8642038702964783,0.22147729992866516,0.9867933988571167,0.4963873028755188,0.8791634440422058,0.22027747333049774,0.8683251738548279,0.46354439854621887,0.8714062571525574,0.2382287085056305,0.8604368567466736,0.5053050518035889,0.9268301129341125,0.11483214795589447,0.9784354567527771,0.4528960585594177,0.9290049076080322,0.1365814357995987,0.9814160466194153
yena_sit_to_stand_normal_02,261,87,8.701095717884131,29.99622213826974,10,0.47896844148635864,0.25422367453575134,-0.2097817361354828,0.9999630451202393,0.48500558733940125,0.23903048038482666,-0.19577349722385406,0.999840497970581,0.48809781670570374,0.23933181166648865,-0.19580337405204773,0.9998430609703064,0.49090176820755005,0.23948146402835846,-0.19578740000724792,0.9998336434364319,0.47391507029533386,0.23886004090309143,-0.1950874775648117,0.999801516532898,0.4705042541027069,0.2390105426311493,-0.19507408142089844,0.9997937679290771,0.4674791991710663,0.2395365685224533,-0.1950964629650116,0.9997802972793579,0.4961719512939453,0.2482505589723587,-0.10509549826383591,0.9996578097343445,0.4636748135089874,0.24850977957248688,-0.1021663025021553,0.9994877576828003,0.4858396351337433,0.27337098121643066,-0.1752147227525711,0.9999471306800842,0.47306495904922485,0.2736816108226776,-0.1744941622018814,0.9999329447746277,0.5209869742393494,0.3463265895843506,-0.052760012447834015,0.9999648928642273,0.4388362765312195,0.34530043601989746,-0.04350975900888443,0.9998676776885986,0.5330600738525391,0.4527565836906433,-0.024436986073851585,0.9832887053489685,0.42436379194259644,0.454483300447464,-0.012617046013474464,0.9719986915588379,0.5253359079360962,0.555528461933136,-0.12341288477182388,0.9808410406112671,0.43277931213378906,0.5531394481658936,-0.09774850308895111,0.9559017419815063,0.5257715582847595,0.5872713327407837,-0.1522793471813202,0.9635563492774963,0.4320402443408966,0.5832069516181946,-0.12687765061855316,0.925948441028595,0.5202662348747253,0.5818929076194763,-0.17920176684856415,0.9649471044540405,0.4379541575908661,0.5794740915298462,-0.15010569989681244,0.928611159324646,0.518538773059845,0.5715124011039734,-0.13535146415233612,0.955601692199707,0.43979373574256897,0.5704132914543152,-0.10883142799139023,0.9170919060707092,0.5018042325973511,0.5816022157669067,-0.0030173431150615215,0.9997453689575195,0.4545191526412964,0.5822188258171082,0.0029666745103895664,0.9996991157531738,0.5064365267753601,0.7331132292747498,-0.02306295558810234,0.9919030070304871,0.45183756947517395,0.7378096580505371,-0.0025869098026305437,0.9908541440963745,0.5024270415306091,0.8701809644699097,0.17646144330501556,0.9846264123916626,0.459459513425827,0.8662680983543396,0.17618900537490845,0.9868898987770081,0.4966753125190735,0.8791584372520447,0.19003146886825562,0.8682355284690857,0.46354901790618896,0.874107837677002,0.18821164965629578,0.8607081770896912,0.505850076675415,0.9268823266029358,0.08838633447885513,0.9782841205596924,0.4528058171272278,0.9293513894081116,0.08634482324123383,0.9813880324363708
yena_sit_to_stand_normal_02,264,88,8.801108312342569,29.99622213826974,10,0.47899729013442993,0.2555753290653229,-0.20950202643871307,0.999963104724884,0.4850632846355438,0.24045127630233765,-0.19506172835826874,0.9998408555984497,0.4881382882595062,0.2409321814775467,-0.19509081542491913,0.9998429417610168,0.4909294545650482,0.24132896959781647,-0.19507728517055511,0.9998329281806946,0.47391873598098755,0.23992988467216492,-0.19488653540611267,0.9998035430908203,0.47050341963768005,0.24004963040351868,-0.1948753446340561,0.9997957944869995,0.4674766957759857,0.24053753912448883,-0.19489555060863495,0.9997826218605042,0.4962056875228882,0.24995677173137665,-0.10339857637882233,0.9996559023857117,0.4636732339859009,0.24950768053531647,-0.10265355557203293,0.9994977712631226,0.4858621656894684,0.275114506483078,-0.17457014322280884,0.9999469518661499,0.47305870056152344,0.27527397871017456,-0.17447367310523987,0.9999337792396545,0.5209971070289612,0.34705954790115356,-0.051942892372608185,0.9999642968177795,0.4387955069541931,0.3467320501804352,-0.043894607573747635,0.9998695850372314,0.5330289006233215,0.45326122641563416,-0.019520264118909836,0.9831908345222473,0.4243828058242798,0.45657411217689514,-0.014063987880945206,0.972506046295166,0.5250839591026306,0.5563990473747253,-0.11582010239362717,0.980808436870575,0.43408864736557007,0.5565997362136841,-0.09662985801696777,0.9562699794769287,0.5256219506263733,0.5891351699829102,-0.14471787214279175,0.9634550213813782,0.4331034719944,0.584582507610321,-0.12544409930706024,0.9263854622840881,0.5200180411338806,0.5841381549835205,-0.17194335162639618,0.9648374319076538,0.43931376934051514,0.5808525085449219,-0.1487962305545807,0.9289637804031372,0.5182541608810425,0.5734273195266724,-0.12795677781105042,0.9554453492164612,0.44112303853034973,0.5722296833992004,-0.10767445713281631,0.9173403978347778,0.5018129944801331,0.5821969509124756,-0.001972147962078452,0.9997366666793823,0.45453959703445435,0.5824631452560425,0.0019332037772983313,0.9996948838233948,0.5064362287521362,0.7333434224128723,-0.015577312558889389,0.9920403361320496,0.4513460099697113,0.7377831935882568,-0.0022759854327887297,0.9911855459213257,0.5020993947982788,0.8702307343482971,0.17780491709709167,0.9849412441253662,0.45925676822662354,0.8667394518852234,0.17644885182380676,0.9872762560844421,0.4954419732093811,0.8801313638687134,0.19131247699260712,0.8715217709541321,0.4630720317363739,0.8752360939979553,0.18830157816410065,0.8631556630134583,0.5060495734214783,0.9265086054801941,0.08918888866901398,0.9786549210548401,0.45256441831588745,0.9288930296897888,0.08562244474887848,0.9817309379577637
yena_sit_to_stand_normal_02,267,89,8.901120906801008,29.99622213826974,10,0.4788544476032257,0.25901347398757935,-0.2107141613960266,0.9999632239341736,0.4850320816040039,0.24363906681537628,-0.19631871581077576,0.9998413324356079,0.4881232976913452,0.2438969910144806,-0.19635067880153656,0.999843180179596,0.4909391403198242,0.24411244690418243,-0.1963372379541397,0.9998328685760498,0.473714143037796,0.2434871792793274,-0.1961064338684082,0.9998044967651367,0.4702996015548706,0.24360792338848114,-0.19609560072422028,0.9997962713241577,0.46727055311203003,0.24399878084659576,-0.19611655175685883,0.9997835159301758,0.4962356984615326,0.2527354955673218,-0.1036461666226387,0.999655544757843,0.4635879695415497,0.25235792994499207,-0.10288552194833755,0.9995023012161255,0.48582884669303894,0.2783433198928833,-0.17533203959465027,0.9999468922615051,0.4728882908821106,0.27858731150627136,-0.17520172894001007,0.9999343752861023,0.5210047364234924,0.34917014837265015,-0.051731567829847336,0.9999642372131348,0.43881815671920776,0.3476243019104004,-0.04312813654541969,0.9998700022697449,0.532762348651886,0.4544481039047241,-0.021165039390325546,0.9830502271652222,0.424513041973114,0.4585900604724884,-0.012829412706196308,0.9725031852722168,0.5244331359863281,0.557499349117279,-0.12093984335660934,0.9807380437850952,0.4347366988658905,0.558162271976471,-0.09653481096029282,0.9562787413597107,0.5247158408164978,0.5903323292732239,-0.15105846524238586,0.9633973240852356,0.4340660274028778,0.5861631035804749,-0.12561696767807007,0.9265394806861877,0.51911461353302,0.5851386785507202,-0.17830626666545868,0.9647637605667114,0.4403068721294403,0.5821314454078674,-0.1493266075849533,0.9290966391563416,0.5175628066062927,0.5744644403457642,-0.13311772048473358,0.9552599191665649,0.44197627902030945,0.5735400319099426,-0.10770066827535629,0.9173464775085449,0.5018213391304016,0.5824208855628967,-0.002301588887348771,0.9997276067733765,0.4545302391052246,0.5828120708465576,0.0022673283237963915,0.999687671661377,0.5064885020256042,0.7331196069717407,-0.016056248918175697,0.9920720458030701,0.45150792598724365,0.7376090288162231,-0.0032764747738838196,0.9913876056671143,0.5026404857635498,0.8702664971351624,0.17440006136894226,0.985160768032074,0.45926329493522644,0.8673688769340515,0.1736690253019333,0.9875121712684631,0.49621182680130005,0.8803324103355408,0.18729782104492188,0.8727117776870728,0.46331676840782166,0.8764414191246033,0.18547528982162476,0.8647823333740234,0.5061249732971191,0.926358163356781,0.08317729830741882,0.978906512260437,0.4526442587375641,0.9288429617881775,0.08248411118984222,0.9819229245185852
yena_sit_to_stand_normal_02,270,90,9.001133501259446,29.99622213826974,10,0.47884753346443176,0.2605910301208496,-0.20917584002017975,0.9999635219573975,0.4850289225578308,0.2454240918159485,-0.19508129358291626,0.9998420476913452,0.48811742663383484,0.24582281708717346,-0.19510337710380554,0.9998438954353333,0.4909181594848633,0.24625436961650848,-0.1950778365135193,0.9998332858085632,0.47364044189453125,0.24498330056667328,-0.1947019100189209,0.9998064637184143,0.4702526032924652,0.24509206414222717,-0.19469287991523743,0.9997983574867249,0.4672178626060486,0.24549774825572968,-0.1947111189365387,0.9997860789299011,0.49624285101890564,0.254569947719574,-0.10331711918115616,0.999656081199646,0.46358299255371094,0.25403067469596863,-0.10267066955566406,0.9995077848434448,0.4858268201351166,0.28027477860450745,-0.1745387762784958,0.9999470114707947,0.4728526771068573,0.28032103180885315,-0.1742188185453415,0.9999350905418396,0.5210191607475281,0.35074877738952637,-0.05206407606601715,0.9999638199806213,0.43866613507270813,0.35034114122390747,-0.04293155297636986,0.9998712539672852,0.5324680209159851,0.45757660269737244,-0.02151666022837162,0.9830034971237183,0.4246719181537628,0.4617862403392792,-0.013572408817708492,0.9725005626678467,0.5239433646202087,0.5610681772232056,-0.12003262341022491,0.9807282090187073,0.4353393018245697,0.5598943829536438,-0.09905215352773666,0.9563683271408081,0.5237436890602112,0.5949833393096924,-0.14897985756397247,0.9634966254234314,0.4346607029438019,0.587722897529602,-0.12797780334949493,0.9269299507141113,0.5176183581352234,0.5905102491378784,-0.17587582767009735,0.9648354649543762,0.44078192114830017,0.5840767025947571,-0.15118195116519928,0.9294595718383789,0.5162464380264282,0.5798540711402893,-0.1318850815296173,0.9553072452545166,0.442473828792572,0.5755811333656311,-0.11008835583925247,0.9176596403121948,0.5019615888595581,0.5836995840072632,-0.002346423454582691,0.9997183680534363,0.45451870560646057,0.5836706161499023,0.002309005009010434,0.9996833205223083,0.5061355233192444,0.7337443232536316,-0.014797881245613098,0.992213249206543,0.4517277777194977,0.7375497817993164,-0.00313187506981194,0.9916549921035767,0.5030434727668762,0.8702183365821838,0.1722009927034378,0.9855418801307678,0.4595688283443451,0.8687871694564819,0.16864840686321259,0.9878202676773071,0.49750280380249023,0.8797637224197388,0.18459287285804749,0.8740676641464233,0.4637775123119354,0.8780418038368225,0.1798458695411682,0.8665311336517334,0.50599604845047,0.9263590574264526,0.08063529431819916,0.9793437719345093,0.4526428282260895,0.9288040399551392,0.07757221907377243,0.9822182059288025
yena_sit_to_stand_normal_02,273,91,9.101146095717883,29.99622213826974,10,0.4788092374801636,0.2641042470932007,-0.20464591681957245,0.9999639987945557,0.48500552773475647,0.2491290122270584,-0.19040879607200623,0.999843955039978,0.4880741834640503,0.24960383772850037,-0.19042997062206268,0.9998455047607422,0.49090775847435,0.250104695558548,-0.19040636718273163,0.9998348951339722,0.47360357642173767,0.24836847186088562,-0.1904645413160324,0.9998102188110352,0.4701985716819763,0.2484346479177475,-0.19045716524124146,0.9998021721839905,0.4671846628189087,0.24883033335208893,-0.1904764622449875,0.9997904896736145,0.49624425172805786,0.2583531439304352,-0.09990905225276947,0.99965900182724,0.46355196833610535,0.2574528753757477,-0.10072974115610123,0.9995200634002686,0.48575687408447266,0.2837226986885071,-0.17027685046195984,0.999947190284729,0.4727562367916107,0.2835468649864197,-0.17054417729377747,0.9999362230300903,0.5209258198738098,0.35257038474082947,-0.05022381246089935,0.9999635219573975,0.4386472702026367,0.3528881072998047,-0.04204355180263519,0.9998729825019836,0.5321950912475586,0.460147500038147,-0.020176304504275322,0.9831273555755615,0.42506155371665955,0.4642813801765442,-0.015183970332145691,0.9725348353385925,0.5233663320541382,0.564445436000824,-0.11497962474822998,0.9810594320297241,0.43604353070259094,0.5623176097869873,-0.1028243824839592,0.9567644596099854,0.5227880477905273,0.5985549092292786,-0.14361220598220825,0.964165210723877,0.4355619251728058,0.5902983546257019,-0.13201698660850525,0.927777111530304,0.5163035988807678,0.5942166447639465,-0.17031283676624298,0.9654530882835388,0.4415479600429535,0.5868132710456848,-0.1548956036567688,0.9302402138710022,0.5149751305580139,0.5838232040405273,-0.12666228413581848,0.9559767842292786,0.4432058036327362,0.5782737731933594,-0.11364588141441345,0.9183709025382996,0.5019770264625549,0.5837082266807556,-0.0025064104702323675,0.9997076988220215,0.4544692039489746,0.5836759209632874,0.0024665372911840677,0.9996792674064636,0.5061548352241516,0.7339937090873718,-0.013430030085146427,0.992362380027771,0.4515685737133026,0.7375350594520569,-0.0036009803880006075,0.9918968081474304,0.503386914730072,0.870222270488739,0.16520436108112335,0.9858533143997192,0.45957624912261963,0.8692506551742554,0.16029183566570282,0.9881078004837036,0.49815937876701355,0.880007266998291,0.17653435468673706,0.8747294545173645,0.463907927274704,0.878645122051239,0.17069537937641144,0.8685205578804016,0.5060732364654541,0.9259471893310547,0.07354617118835449,0.979628324508667,0.4525817334651947,0.9287099242210388,0.06975368410348892,0.9824397563934326
yena_sit_to_stand_normal_02,276,92,9.201158690176323,29.99622213826974,10,0.4781050384044647,0.27230125665664673,-0.21015001833438873,0.9999635815620422,0.4842813313007355,0.2579054832458496,-0.196382537484169,0.9998428821563721,0.48751306533813477,0.2581546902656555,-0.19640104472637177,0.9998437762260437,0.49020788073539734,0.25863713026046753,-0.19637949764728546,0.9998329281806946,0.4733501672744751,0.2577616274356842,-0.19607427716255188,0.9998112320899963,0.4699817895889282,0.2580910325050354,-0.19606603682041168,0.9998025298118591,0.4668918251991272,0.25857698917388916,-0.19608668982982635,0.9997912049293518,0.4957539737224579,0.2662869989871979,-0.1064884215593338,0.9996545910835266,0.46340885758399963,0.26562267541885376,-0.105667844414711,0.9995245933532715,0.4850941300392151,0.2898976802825928,-0.1757868081331253,0.999946117401123,0.47206205129623413,0.28970322012901306,-0.17562636733055115,0.9999359846115112,0.5208790302276611,0.3568906784057617,-0.05680497735738754,0.999962329864502,0.4386405348777771,0.35810989141464233,-0.044197384268045425,0.999873697757721,0.5321952700614929,0.464849591255188,-0.025437533855438232,0.9832189679145813,0.42510759830474854,0.4676135182380676,-0.017708901315927505,0.9720292091369629,0.5223907232284546,0.5680698156356812,-0.11517433822154999,0.9811379909515381,0.43671101331710815,0.5663134455680847,-0.10472359508275986,0.9562584757804871,0.5216490030288696,0.6015158891677856,-0.14367146790027618,0.9643446803092957,0.4360133111476898,0.5937734246253967,-0.13344864547252655,0.9272586703300476,0.5148860216140747,0.5971673727035522,-0.17036719620227814,0.9655880331993103,0.4420106112957001,0.5908960700035095,-0.15643304586410522,0.9296551942825317,0.5133443474769592,0.5876180529594421,-0.1267048567533493,0.9560415744781494,0.44373244047164917,0.5823022723197937,-0.11552299559116364,0.9175568222999573,0.502122163772583,0.5868353247642517,-0.0030381798278540373,0.9996957778930664,0.45481353998184204,0.5867735147476196,0.003007999388501048,0.999674916267395,0.5061489343643188,0.7362207770347595,-0.007495341822504997,0.9923955798149109,0.4513132870197296,0.7380760312080383,0.0031820263247936964,0.9921025037765503,0.5033416152000427,0.8718364834785461,0.1645985096693039,0.9860072135925293,0.4595399796962738,0.8693013191223145,0.16248999536037445,0.9883697032928467,0.49801889061927795,0.881743311882019,0.17535308003425598,0.8766063451766968,0.4640740156173706,0.8786463737487793,0.17378568649291992,0.8719599843025208,0.5062739253044128,0.9256845712661743,0.07396282255649567,0.9797255992889404,0.4519874155521393,0.9285427331924438,0.074048712849617,0.982646107673645
yena_sit_to_stand_normal_02,279,93,9.30117128463476,29.99622213826974,10,0.47810012102127075,0.28144729137420654,-0.2222496122121811,0.9999631643295288,0.48426395654678345,0.26653072237968445,-0.2092733383178711,0.999841570854187,0.4874720871448517,0.2666616439819336,-0.2092858999967575,0.9998417496681213,0.4901524782180786,0.2669617235660553,-0.20926155149936676,0.999829888343811,0.47332850098609924,0.26660698652267456,-0.20944735407829285,0.9998124837875366,0.46994760632514954,0.26693955063819885,-0.209443137049675,0.9998036026954651,0.4668152928352356,0.26730066537857056,-0.20946310460567474,0.9997925758361816,0.4956674873828888,0.2736670672893524,-0.11853015422821045,0.9996492266654968,0.4633064866065979,0.2734975814819336,-0.11993420124053955,0.9995339512825012,0.4850788116455078,0.2980470657348633,-0.18702298402786255,0.9999451041221619,0.4719497263431549,0.2983405888080597,-0.18750937283039093,0.9999365210533142,0.5208615064620972,0.3618820309638977,-0.06308746337890625,0.9999611973762512,0.43852537870407104,0.36219412088394165,-0.055752869695425034,0.9998779296875,0.5319038033485413,0.47189757227897644,-0.025870950892567635,0.9830629825592041,0.42513275146484375,0.4720083475112915,-0.02661382593214512,0.9722491502761841,0.5217738151550293,0.5731988549232483,-0.11313886940479279,0.9809273481369019,0.43752115964889526,0.5727116465568542,-0.10894651710987091,0.9561932682991028,0.5208417177200317,0.6067342758178711,-0.14088860154151917,0.9640898704528809,0.4365745782852173,0.6012252569198608,-0.13693030178546906,0.9271573424339294,0.5140385031700134,0.6017139554023743,-0.1679491251707077,0.965321958065033,0.4426541328430176,0.5986127853393555,-0.1604657769203186,0.9295027256011963,0.5123846530914307,0.5923553705215454,-0.12479746341705322,0.9556332230567932,0.4444105327129364,0.5901171565055847,-0.11975158751010895,0.9172477722167969,0.5025933384895325,0.589367151260376,-0.0027229664847254753,0.9996820688247681,0.4553302228450775,0.5894054174423218,0.0026997486129403114,0.9996709227561951,0.5069146752357483,0.7382073998451233,-0.0003735732170753181,0.9925605058670044,0.4512993395328522,0.7397618889808655,0.007616717834025621,0.9923675060272217,0.5039565563201904,0.8728100061416626,0.16523109376430511,0.9863677620887756,0.4595729410648346,0.870769202709198,0.16397228837013245,0.9887245893478394,0.49871110916137695,0.8829743266105652,0.1764308363199234,0.8791014552116394,0.46420180797576904,0.8804757595062256,0.17487290501594543,0.8754556775093079,0.506953239440918,0.925666332244873,0.07475744932889938,0.9800682663917542,0.45228111743927,0.9281288981437683,0.07503432780504227,0.9829673171043396
yena_sit_to_stand_normal_02,282,94,9.4011838790932,29.99622213826974,10,0.47758325934410095,0.2891930639743805,-0.2332131713628769,0.9999624490737915,0.48352181911468506,0.2740917503833771,-0.22119028866291046,0.999839186668396,0.4869067966938019,0.27390292286872864,-0.22119884192943573,0.9998394250869751,0.4895416796207428,0.27420926094055176,-0.2211713194847107,0.9998267889022827,0.4728796184062958,0.2746560573577881,-0.22115907073020935,0.9998118877410889,0.4695955514907837,0.27519285678863525,-0.22116060554981232,0.9998027682304382,0.4663819670677185,0.27585092186927795,-0.22117973864078522,0.9997917413711548,0.4951210021972656,0.2801704704761505,-0.1317804604768753,0.999643862247467,0.4632141888141632,0.28134727478027344,-0.13224072754383087,0.9995373487472534,0.48458078503608704,0.3047429919242859,-0.1981631964445114,0.999943733215332,0.47141653299331665,0.30580952763557434,-0.19840960204601288,0.9999364018440247,0.5207942128181458,0.3662131726741791,-0.0731230080127716,0.9999607801437378,0.4385330379009247,0.36549726128578186,-0.065607950091362,0.9998825788497925,0.5315743684768677,0.47648367285728455,-0.03245469555258751,0.9831276535987854,0.42518797516822815,0.47403866052627563,-0.03336085006594658,0.9723131060600281,0.5207931995391846,0.578650951385498,-0.11423469334840775,0.9806225895881653,0.437836229801178,0.5767372250556946,-0.11304676532745361,0.9552052021026611,0.5200952291488647,0.6115192770957947,-0.14099931716918945,0.9635698199272156,0.43673011660575867,0.6080569624900818,-0.1399867832660675,0.9254937171936035,0.5130713582038879,0.605940043926239,-0.16826288402080536,0.9648157954216003,0.44311922788619995,0.6049120426177979,-0.16373400390148163,0.9278101325035095,0.5110954642295837,0.5969938635826111,-0.1257915198802948,0.954884946346283,0.4450666606426239,0.5959347486495972,-0.12377213686704636,0.9151787757873535,0.5018071532249451,0.5893879532814026,-0.0022686822339892387,0.999669075012207,0.4550430476665497,0.5894203186035156,0.0022434464190155268,0.9996645450592041,0.5065491795539856,0.7382472157478333,0.0012038348941132426,0.9926432371139526,0.45231711864471436,0.7413827180862427,0.006982738152146339,0.9925398826599121,0.5053341388702393,0.8748481273651123,0.1483115404844284,0.9868056178092957,0.4595646560192108,0.8724932670593262,0.14996308088302612,0.9889929294586182,0.500761091709137,0.8857715725898743,0.15616340935230255,0.8808183670043945,0.4642001688480377,0.8834987282752991,0.15797169506549835,0.8773990869522095,0.5068787336349487,0.9261948466300964,0.05150202289223671,0.9805130362510681,0.4529434144496918,0.9278888702392578,0.05590857192873955,0.9832268357276917
yena_sit_to_stand_normal_02,285,95,9.501196473551637,29.99622213826974,10,0.477361798286438,0.2963809370994568,-0.26432448625564575,0.9999637007713318,0.48336493968963623,0.28096362948417664,-0.2524290084838867,0.999845027923584,0.48675552010536194,0.2808266878128052,-0.2524279057979584,0.9998449683189392,0.48941949009895325,0.28099772334098816,-0.2523934245109558,0.9998317956924438,0.47274336218833923,0.2816350758075714,-0.2523971498012543,0.9998204112052917,0.46933087706565857,0.28201407194137573,-0.25241029262542725,0.9998120665550232,0.46601811051368713,0.28232651948928833,-0.2524312138557434,0.9998013973236084,0.4949488341808319,0.2872547507286072,-0.16064779460430145,0.9996564388275146,0.46304863691329956,0.2881993055343628,-0.16142509877681732,0.999565064907074,0.484404593706131,0.31181004643440247,-0.22820693254470825,0.9999460577964783,0.47111544013023376,0.31294021010398865,-0.2285022884607315,0.9999399185180664,0.5207959413528442,0.372993141412735,-0.09411204606294632,0.9999617338180542,0.4384908974170685,0.37166160345077515,-0.08977878838777542,0.9998893141746521,0.5317178964614868,0.4822564125061035,-0.045722976326942444,0.9836447834968567,0.4255281686782837,0.48042088747024536,-0.05368955433368683,0.9731364846229553,0.5203208327293396,0.5832812190055847,-0.12729890644550323,0.980900228023529,0.4384634792804718,0.5808394551277161,-0.13537690043449402,0.9560571312904358,0.5194663405418396,0.6171632409095764,-0.15494106709957123,0.9639853835105896,0.4367882013320923,0.6126387715339661,-0.1627669483423233,0.9267092347145081,0.5125840306282043,0.6117214560508728,-0.1819234937429428,0.9652263522148132,0.4435056746006012,0.6092250943183899,-0.187027707695961,0.9289313554763794,0.5107773542404175,0.6027341485023499,-0.13859626650810242,0.9553504586219788,0.44561752676963806,0.600642740726471,-0.1459624171257019,0.9162049889564514,0.5025694966316223,0.5931279063224792,-0.0015486266929656267,0.999661922454834,0.4556315541267395,0.5929681658744812,0.0015358123928308487,0.9996604323387146,0.5059003233909607,0.740392804145813,0.015973657369613647,0.9926506280899048,0.4534135162830353,0.7413649559020996,0.01515910029411316,0.992660641670227,0.5048328638076782,0.8749256730079651,0.16942976415157318,0.9870697855949402,0.45934346318244934,0.8724944591522217,0.16777321696281433,0.9889414310455322,0.5000796914100647,0.8866085410118103,0.17782139778137207,0.8828446865081787,0.462655633687973,0.8834534883499146,0.1770898997783661,0.8778285384178162,0.5067631006240845,0.9262018203735352,0.07206683605909348,0.9806527495384216,0.45414865016937256,0.9281299710273743,0.07365401834249496,0.9829549193382263
yena_sit_to_stand_normal_02,288,96,9.601209068010075,29.99622213826974,10,0.4772759675979614,0.3064552843570709,-0.27310460805892944,0.9999651312828064,0.48327410221099854,0.29071125388145447,-0.26153677701950073,0.999851405620575,0.48663902282714844,0.29059454798698425,-0.2615322172641754,0.9998512864112854,0.48935964703559875,0.29045483469963074,-0.2614983022212982,0.9998381733894348,0.4726417362689972,0.2914813160896301,-0.2619720995426178,0.9998291730880737,0.4691750407218933,0.29146531224250793,-0.26199060678482056,0.9998213648796082,0.46580830216407776,0.2914886474609375,-0.26200875639915466,0.9998109936714172,0.49476680159568787,0.2960909307003021,-0.1695014089345932,0.9996713995933533,0.46283963322639465,0.2968686819076538,-0.17249993979930878,0.9995901584625244,0.484394371509552,0.3221193253993988,-0.23652102053165436,0.999948263168335,0.47103485465049744,0.3229154050350189,-0.23749348521232605,0.9999430775642395,0.5205993056297302,0.38042062520980835,-0.10409737378358841,0.999963104724884,0.43845808506011963,0.3797761797904968,-0.0963759496808052,0.999894917011261,0.5312727093696594,0.48965969681739807,-0.05699135363101959,0.9843842387199402,0.4262468218803406,0.4883497357368469,-0.05845830962061882,0.9736581444740295,0.5198152661323547,0.589191198348999,-0.13510578870773315,0.9816421866416931,0.43911632895469666,0.5898965001106262,-0.1378300040960312,0.9566683173179626,0.5193342566490173,0.6235339045524597,-0.16221541166305542,0.9652175307273865,0.43692484498023987,0.6218815445899963,-0.16440227627754211,0.9274929165840149,0.5122417211532593,0.6178772449493408,-0.18916156888008118,0.966427206993103,0.4438563585281372,0.6192097067832947,-0.1890246719121933,0.9296910762786865,0.5101673603057861,0.608869731426239,-0.14620260894298553,0.9567584991455078,0.44643470644950867,0.6107606887817383,-0.14852894842624664,0.9168552160263062,0.5033460259437561,0.5952625274658203,-0.001778739388100803,0.9996541142463684,0.4567674696445465,0.5969001054763794,0.0017616052646189928,0.9996549487113953,0.5050880312919617,0.7413886189460754,0.01815195195376873,0.9928523302078247,0.45380452275276184,0.7423515915870667,0.019730402156710625,0.9928371906280518,0.5054673552513123,0.8749328255653381,0.1712265908718109,0.9875405430793762,0.45920464396476746,0.8736642003059387,0.1690702736377716,0.989175021648407,0.5012232661247253,0.8861187696456909,0.17973582446575165,0.8850318193435669,0.4626731872558594,0.8839803338050842,0.178029865026474,0.8800033330917358,0.5054366588592529,0.926826000213623,0.0754958838224411,0.9811751842498779,0.4545062780380249,0.9286968111991882,0.0759597048163414,0.9831830859184265
yena_sit_to_stand_normal_02,291,97,9.701221662468514,29.99622213826974,10,0.4768155813217163,0.3181486427783966,-0.31428250670433044,0.9999666213989258,0.4828266203403473,0.30153346061706543,-0.30327412486076355,0.9998584389686584,0.48621395230293274,0.3014865219593048,-0.3032652735710144,0.9998578429222107,0.4888792634010315,0.30134955048561096,-0.3032386600971222,0.9998446106910706,0.47209975123405457,0.3020797073841095,-0.30375510454177856,0.9998388886451721,0.4686609208583832,0.301811546087265,-0.3037894666194916,0.9998316168785095,0.4652203619480133,0.30183476209640503,-0.3038119375705719,0.9998219609260559,0.49461066722869873,0.30714717507362366,-0.20835015177726746,0.9996858239173889,0.4622197151184082,0.3067589998245239,-0.21168135106563568,0.9996193051338196,0.48391076922416687,0.334282785654068,-0.2762555480003357,0.9999504685401917,0.4704912304878235,0.33459654450416565,-0.2772406339645386,0.999946653842926,0.5204441547393799,0.3903655409812927,-0.1341061294078827,0.9999642968177795,0.4374246895313263,0.3916652500629425,-0.13096383213996887,0.9999021291732788,0.5304269790649414,0.5011765360832214,-0.08921021968126297,0.9848718047142029,0.42666634917259216,0.502566933631897,-0.0917203277349472,0.9745510816574097,0.5189036726951599,0.5978014469146729,-0.17316068708896637,0.9817017912864685,0.43986573815345764,0.6011121869087219,-0.17163968086242676,0.9574994444847107,0.5192411541938782,0.6310608386993408,-0.20206065475940704,0.9651374816894531,0.4376700818538666,0.6330055594444275,-0.1990041583776474,0.9283105731010437,0.5113175511360168,0.6264738440513611,-0.22861513495445251,0.966355562210083,0.4452524483203888,0.6301316618919373,-0.22442801296710968,0.9305049777030945,0.5085932016372681,0.6175338625907898,-0.18442444503307343,0.9565879106521606,0.44810646772384644,0.6214321851730347,-0.18252521753311157,0.9176743030548096,0.5033128261566162,0.6021096706390381,-0.001359535614028573,0.9996581077575684,0.45705288648605347,0.6047837734222412,0.0013395233545452356,0.9996625185012817,0.503571629524231,0.7422696948051453,0.03123290464282036,0.992785632610321,0.45406392216682434,0.7439188361167908,0.02179868146777153,0.9927766919136047,0.5065866112709045,0.8753558397293091,0.18366359174251556,0.9878121018409729,0.459188848733902,0.8724229335784912,0.18102380633354187,0.9891794323921204,0.5025245547294617,0.8871100544929504,0.1922144740819931,0.887195348739624,0.46268823742866516,0.8817083239555359,0.1910758912563324,0.8813410997390747,0.5055419206619263,0.9268369674682617,0.08843012899160385,0.9815070629119873,0.4543904662132263,0.9265647530555725,0.08917974680662155,0.9832280278205872
yena_sit_to_stand_normal_02,294,98,9.801234256926952,29.99622213826974,10,0.4762081205844879,0.3259294629096985,-0.3127455711364746,0.9999659061431885,0.4821309447288513,0.30980607867240906,-0.3016408383846283,0.999857485294342,0.4854379892349243,0.30979278683662415,-0.30163758993148804,0.9998565316200256,0.4882211685180664,0.30964964628219604,-0.3016154170036316,0.9998427033424377,0.4716142416000366,0.3103569746017456,-0.301573246717453,0.9998396039009094,0.46808451414108276,0.31023770570755005,-0.3016081154346466,0.9998326301574707,0.46468791365623474,0.31027737259864807,-0.3016386330127716,0.9998236894607544,0.4940623641014099,0.31577572226524353,-0.20910218358039856,0.9996830821037292,0.4615882933139801,0.31584832072257996,-0.20984132587909698,0.9996291399002075,0.48319438099861145,0.3421947658061981,-0.2759719491004944,0.9999500513076782,0.46992436051368713,0.34294700622558594,-0.276221364736557,0.9999479055404663,0.520016610622406,0.39712104201316833,-0.1392541229724884,0.9999653100967407,0.43729546666145325,0.39972203969955444,-0.1324278563261032,0.9999076128005981,0.529572606086731,0.5089046955108643,-0.10002148151397705,0.985354483127594,0.4268306791782379,0.5114855766296387,-0.0973861962556839,0.9754019975662231,0.5177424550056458,0.6055757403373718,-0.18071934580802917,0.9819042086601257,0.44013747572898865,0.6116999387741089,-0.17660658061504364,0.9579725861549377,0.5181487202644348,0.6392776966094971,-0.20941190421581268,0.9652501344680786,0.4379030764102936,0.6441532969474792,-0.20408302545547485,0.9284294843673706,0.509322464466095,0.634900689125061,-0.23456797003746033,0.9664694666862488,0.4456883370876312,0.6417012214660645,-0.22839440405368805,0.9305855631828308,0.5067827105522156,0.6261067390441895,-0.19129039347171783,0.9565864205360413,0.44867056608200073,0.6317493915557861,-0.1871035397052765,0.9175738096237183,0.5032553672790527,0.604884684085846,-0.00034315360244363546,0.999661386013031,0.45705586671829224,0.6072784066200256,0.00032117561204358935,0.9996663331985474,0.5032603740692139,0.7420347929000854,0.014707734808325768,0.9921111464500427,0.45470550656318665,0.7420098185539246,-0.005005635786801577,0.9921156167984009,0.5068468451499939,0.8764445781707764,0.1641736477613449,0.9872759580612183,0.4588731527328491,0.8730267882347107,0.15395338833332062,0.9883826971054077,0.50313401222229,0.8872105479240417,0.17273341119289398,0.8842495083808899,0.4615500569343567,0.8820406198501587,0.16417238116264343,0.8760668635368347,0.5053831338882446,0.9276736974716187,0.06711064279079437,0.9808144569396973,0.45437484979629517,0.9254359006881714,0.058084312826395035,0.9823673963546753
yena_sit_to_stand_normal_02,297,99,9.901246851385391,29.99622213826974,10,0.4753272831439972,0.3363426625728607,-0.34325799345970154,0.9999668002128601,0.4813585877418518,0.31985190510749817,-0.3326074481010437,0.9998630285263062,0.48485416173934937,0.3198094069957733,-0.33260732889175415,0.9998618960380554,0.4874477982521057,0.31980425119400024,-0.33260577917099,0.9998486042022705,0.47077733278274536,0.3198438882827759,-0.3319360315799713,0.9998466968536377,0.46724873781204224,0.31937113404273987,-0.3319856822490692,0.999840259552002,0.46405571699142456,0.31924763321876526,-0.33200982213020325,0.9998321533203125,0.49335357546806335,0.3251562714576721,-0.23963110148906708,0.9996974468231201,0.46127694845199585,0.3243779242038727,-0.23750482499599457,0.9996516704559326,0.4823497533798218,0.3530595302581787,-0.30609598755836487,0.9999521970748901,0.46917375922203064,0.35305243730545044,-0.3055388629436493,0.9999508857727051,0.5199545621871948,0.40652701258659363,-0.1651465892791748,0.9999669194221497,0.43558529019355774,0.4112895727157593,-0.1557486355304718,0.9999141097068787,0.5295763611793518,0.5176069736480713,-0.12827864289283752,0.9860628843307495,0.42759087681770325,0.5233568549156189,-0.11845864355564117,0.9767529368400574,0.5166918039321899,0.6145766377449036,-0.20628763735294342,0.9819329977035522,0.44103434681892395,0.621498703956604,-0.1960318386554718,0.9591771960258484,0.5172163844108582,0.6492946743965149,-0.23533296585083008,0.9646854996681213,0.43852370977401733,0.652825117111206,-0.22365956008434296,0.9294623732566833,0.5078832507133484,0.6443638801574707,-0.25972455739974976,0.9659265279769897,0.4463137984275818,0.6508070230484009,-0.24726587533950806,0.9315870404243469,0.505058228969574,0.6344365477561951,-0.21648165583610535,0.9557762145996094,0.4494638442993164,0.6399658918380737,-0.20616573095321655,0.9183840751647949,0.5029333233833313,0.6076526045799255,0.00021001594723202288,0.9996717572212219,0.45680421590805054,0.6094624996185303,-0.00023021202650852501,0.999674379825592,0.503021776676178,0.7424348592758179,-0.02408098615705967,0.991411566734314,0.4545392692089081,0.7416840195655823,-0.03063197247684002,0.9915639758110046,0.5058758854866028,0.8782848715782166,0.11613008379936218,0.9867805242538452,0.4578081965446472,0.873849093914032,0.11529028415679932,0.9877360463142395,0.5012489557266235,0.8903053402900696,0.12375558912754059,0.8845352530479431,0.46087944507598877,0.8844844102859497,0.12395725399255753,0.8714288473129272,0.5053842067718506,0.9278250336647034,0.015271855518221855,0.9803478717803955,0.45428466796875,0.9252720475196838,0.015272306278347969,0.9817448258399963
yena_sit_to_stand_normal_02,300,100,10.001259445843829,29.99622213826974,10,0.47409045696258545,0.3423040807247162,-0.30738842487335205,0.9999662041664124,0.48011475801467896,0.326294869184494,-0.29529672861099243,0.9998630881309509,0.483704537153244,0.3264309763908386,-0.29530465602874756,0.9998611211776733,0.4863041043281555,0.3266400694847107,-0.29530951380729675,0.9998478889465332,0.4695403277873993,0.3260558843612671,-0.29423367977142334,0.9998473525047302,0.4660256505012512,0.32573556900024414,-0.2943073511123657,0.9998418092727661,0.46306589245796204,0.32587358355522156,-0.2943582534790039,0.9998362064361572,0.4924052953720093,0.3326389491558075,-0.20720496773719788,0.9997032284736633,0.46060216426849365,0.3317432105541229,-0.20141300559043884,0.9996630549430847,0.48124799132347107,0.3589159846305847,-0.27285388112068176,0.9999530911445618,0.4679325520992279,0.3592817187309265,-0.2712673246860504,0.9999527335166931,0.5197469592094421,0.4148041307926178,-0.1443517655134201,0.9999669194221497,0.43486088514328003,0.41907691955566406,-0.14002875983715057,0.9999194741249084,0.5291939973831177,0.5276536345481873,-0.11313412338495255,0.9860112071037292,0.42757275700569153,0.5308215618133545,-0.10920338332653046,0.9778906106948853,0.5151283144950867,0.6224886178970337,-0.1985986977815628,0.9795021414756775,0.4413904547691345,0.6276308298110962,-0.1934133917093277,0.9598363637924194,0.5153616070747375,0.6573525071144104,-0.22731761634349823,0.9601360559463501,0.43914276361465454,0.658713698387146,-0.22119005024433136,0.9298915863037109,0.5062720775604248,0.651361882686615,-0.25037524104118347,0.961601734161377,0.44717103242874146,0.6561645269393921,-0.24249455332756042,0.9321267008781433,0.5034012794494629,0.6406868696212769,-0.20851342380046844,0.9502375721931458,0.4501734972000122,0.6463208198547363,-0.20262473821640015,0.9183768033981323,0.5024751424789429,0.6130412220954895,0.000875164638273418,0.9996737241744995,0.4558267295360565,0.6155648827552795,-0.0008980585844255984,0.9996734261512756,0.5029941201210022,0.7414728403091431,-0.15625427663326263,0.9903131127357483,0.4544910192489624,0.7404009699821472,-0.12980057299137115,0.9904576539993286,0.5053107738494873,0.8780503273010254,-0.0148176783695817,0.9849648475646973,0.4578031599521637,0.8741541504859924,-0.0019110946450382471,0.9859330654144287,0.5007144212722778,0.8898923993110657,-0.006931477226316929,0.8784693479537964,0.46089082956314087,0.8856516480445862,0.004694362636655569,0.8629283905029297,0.5050020813941956,0.9265919923782349,-0.12012273818254471,0.9784325361251831,0.4543095827102661,0.9277782440185547,-0.106148861348629,0.9798272848129272
yena_sit_to_stand_normal_02,303,101,10.101272040302266,29.99622213826974,10,0.47307807207107544,0.34603312611579895,-0.29917171597480774,0.9999638795852661,0.47920748591423035,0.3312232196331024,-0.2864331305027008,0.9998589754104614,0.48285725712776184,0.3317602872848511,-0.28643882274627686,0.9998561143875122,0.4855367839336395,0.3325141668319702,-0.2864465117454529,0.9998430609703064,0.46855485439300537,0.3304995000362396,-0.2857763469219208,0.9998443126678467,0.46511438488960266,0.3307393789291382,-0.2858509123325348,0.9998397827148438,0.46221521496772766,0.3309657573699951,-0.2858981192111969,0.999836802482605,0.49175819754600525,0.3402116298675537,-0.20080114901065826,0.9996988773345947,0.4598779082298279,0.3381767272949219,-0.19731567800045013,0.999665379524231,0.4803307354450226,0.36330148577690125,-0.26629361510276794,0.9999524354934692,0.46681830286979675,0.36345231533050537,-0.26536864042282104,0.9999534487724304,0.5189405083656311,0.42358699440956116,-0.14149467647075653,0.9999651312828064,0.43441569805145264,0.4276379644870758,-0.13681456446647644,0.9999228715896606,0.5283852219581604,0.5365257263183594,-0.11897790431976318,0.9861160516738892,0.42753568291664124,0.5396236181259155,-0.11972138285636902,0.9787858128547668,0.5132119059562683,0.628880500793457,-0.19968055188655853,0.9775588512420654,0.44208285212516785,0.6362772583961487,-0.19882048666477203,0.9590789079666138,0.51333087682724,0.66401606798172,-0.22771841287612915,0.9560636878013611,0.43992888927459717,0.6678826808929443,-0.22635121643543243,0.9275975227355957,0.504170298576355,0.6584345102310181,-0.24911276996135712,0.9576765894889832,0.44882819056510925,0.6653072834014893,-0.2448461651802063,0.9299634695053101,0.50117427110672,0.6476039886474609,-0.20882907509803772,0.9452880024909973,0.45176270604133606,0.6543408632278442,-0.20692811906337738,0.9154353141784668,0.5020223259925842,0.6177099347114563,0.0036938651464879513,0.9996739625930786,0.4553212523460388,0.6191103458404541,-0.0037254607304930687,0.9996739029884338,0.5035128593444824,0.7428898811340332,-0.14930081367492676,0.9891441464424133,0.45448556542396545,0.7415010929107666,-0.13357524573802948,0.9892475605010986,0.5052034258842468,0.8775691986083984,-0.013144850730895996,0.9828504920005798,0.4559674561023712,0.8753998875617981,-0.01104743592441082,0.9843096137046814,0.4998493790626526,0.8896010518074036,-0.005597665440291166,0.8715095520019531,0.45967012643814087,0.8875755667686462,-0.00496043311432004,0.8524675369262695,0.50766521692276,0.9261536002159119,-0.11432402580976486,0.9759350419044495,0.45409050583839417,0.9280128479003906,-0.11576332896947861,0.9778733253479004
yena_sit_to_stand_normal_02,306,102,10.201284634760706,29.99622213826974,10,0.47229912877082825,0.35170063376426697,-0.2874368727207184,0.9999657273292542,0.47859466075897217,0.337490439414978,-0.2728820741176605,0.9998671412467957,0.48222586512565613,0.3380448520183563,-0.2728860080242157,0.9998645186424255,0.4849676191806793,0.3388884663581848,-0.2728845775127411,0.9998519420623779,0.46785834431648254,0.3367716073989868,-0.27212050557136536,0.9998531937599182,0.46441876888275146,0.3370944857597351,-0.27219608426094055,0.9998499155044556,0.46160468459129333,0.33735138177871704,-0.2722354531288147,0.9998476505279541,0.491120845079422,0.3467676043510437,-0.18393513560295105,0.9997170567512512,0.4594762623310089,0.3453586995601654,-0.1806057244539261,0.9996874332427979,0.4795946776866913,0.3692936599254608,-0.25399136543273926,0.9999555945396423,0.4661087989807129,0.3692018687725067,-0.2530820965766907,0.9999567866325378,0.5183652639389038,0.43216192722320557,-0.1258341521024704,0.9999654293060303,0.43424272537231445,0.43719393014907837,-0.12462835758924484,0.9999273419380188,0.5276432037353516,0.5430338382720947,-0.11779738962650299,0.9863996505737305,0.427401065826416,0.550078809261322,-0.11565286666154861,0.9800298810005188,0.5124009847640991,0.6338338255882263,-0.19902704656124115,0.976008415222168,0.4427059590816498,0.6425293684005737,-0.19877099990844727,0.9595761895179749,0.5124152302742004,0.668403148651123,-0.22849653661251068,0.952672004699707,0.4407803416252136,0.6736536026000977,-0.22751691937446594,0.927367091178894,0.5032621622085571,0.662609875202179,-0.24882563948631287,0.9545443654060364,0.44985854625701904,0.6702558994293213,-0.24498489499092102,0.9298335313796997,0.5001387000083923,0.6521180868148804,-0.20813187956809998,0.9411171078681946,0.45263758301734924,0.6595249176025391,-0.20655885338783264,0.914634108543396,0.5010888576507568,0.6212805509567261,0.0036055133678019047,0.9996904134750366,0.4544292986392975,0.6227287650108337,-0.0036336020566523075,0.9996867179870605,0.501970648765564,0.7400168776512146,-0.21659599244594574,0.9887624979019165,0.45342573523521423,0.7377083897590637,-0.1821378767490387,0.9883627891540527,0.5051468014717102,0.8760339617729187,-0.07026343047618866,0.9820903539657593,0.45448020100593567,0.8752157688140869,-0.052871592342853546,0.9829068779945374,0.4998774826526642,0.8892084956169128,-0.06141763925552368,0.8717873692512512,0.4575894773006439,0.8873558044433594,-0.04613036662340164,0.8476352691650391,0.5071233510971069,0.9248076677322388,-0.17672285437583923,0.9750910401344299,0.4538508653640747,0.9273312091827393,-0.16495674848556519,0.9764031767845154
yena_sit_to_stand_normal_02,309,103,10.301297229219143,29.99622213826974,10,0.4715784192085266,0.35845160484313965,-0.2886374890804291,0.999968409538269,0.47801944613456726,0.34447184205055237,-0.27434366941452026,0.9998776316642761,0.48172590136528015,0.34502267837524414,-0.27433833479881287,0.9998752474784851,0.48446881771087646,0.34605538845062256,-0.27433982491493225,0.9998635053634644,0.4671193063259125,0.34391921758651733,-0.2733559310436249,0.9998647570610046,0.4635753929615021,0.3440724015235901,-0.2734372019767761,0.9998623132705688,0.46097907423973083,0.34440478682518005,-0.2734762728214264,0.9998604655265808,0.490707129240036,0.35536715388298035,-0.18607912957668304,0.9997397661209106,0.4588002860546112,0.35403579473495483,-0.18200451135635376,0.9997138381004333,0.478855162858963,0.37660837173461914,-0.25529763102531433,0.9999594688415527,0.4653668701648712,0.3766571879386902,-0.2542042136192322,0.9999606013298035,0.5179116725921631,0.4406977593898773,-0.12492451816797256,0.999966561794281,0.4341975152492523,0.44669267535209656,-0.1252075880765915,0.9999326467514038,0.5271191000938416,0.5508219003677368,-0.1161699965596199,0.9867828488349915,0.427092969417572,0.5572863817214966,-0.12008117139339447,0.9814043641090393,0.5110556483268738,0.6427990794181824,-0.19787265360355377,0.9745773673057556,0.4438571631908417,0.6497758626937866,-0.2004060000181198,0.9607735276222229,0.5109319090843201,0.6763242483139038,-0.22718225419521332,0.9494385719299316,0.4423068165779114,0.6810947060585022,-0.22928762435913086,0.9283437728881836,0.5016980767250061,0.6707267165184021,-0.24541538953781128,0.951606273651123,0.4511752724647522,0.6776295304298401,-0.24597355723381042,0.9308783411979675,0.49880221486091614,0.6602573990821838,-0.20631933212280273,0.9374523758888245,0.4538191854953766,0.6671475768089294,-0.207776740193367,0.9156193137168884,0.5006747245788574,0.624589741230011,0.0035104951821267605,0.999708890914917,0.45389649271965027,0.6250985860824585,-0.00352466874755919,0.999703586101532,0.49971598386764526,0.7377427220344543,-0.23395711183547974,0.988629162311554,0.45364364981651306,0.7358397245407104,-0.2002466320991516,0.98778235912323,0.5045590996742249,0.8743510246276855,-0.085185207426548,0.981512188911438,0.4545342028141022,0.8760632276535034,-0.07121339440345764,0.9818115830421448,0.4998851716518402,0.887931227684021,-0.0758250281214714,0.8727591633796692,0.4576864540576935,0.888509213924408,-0.06418967992067337,0.8460966348648071,0.5061528086662292,0.9231376051902771,-0.1922447234392166,0.9744907021522522,0.4539303481578827,0.9283521175384521,-0.18483729660511017,0.9753599166870117
yena_sit_to_stand_normal_02,312,104,10.401309823677583,29.99622213826974,10,0.47118252515792847,0.36720210313796997,-0.3060428202152252,0.9999708533287048,0.47759148478507996,0.35392746329307556,-0.29146087169647217,0.9998874068260193,0.4812573194503784,0.3545800745487213,-0.29144495725631714,0.9998852610588074,0.4840325117111206,0.35549938678741455,-0.29144948720932007,0.9998742341995239,0.4668675363063812,0.3530868887901306,-0.29001638293266296,0.9998754262924194,0.46338993310928345,0.35316669940948486,-0.29011163115501404,0.9998737573623657,0.46084731817245483,0.3534209132194519,-0.2901513874530792,0.9998722672462463,0.4904724657535553,0.3647187054157257,-0.20142197608947754,0.9997607469558716,0.45877784490585327,0.36288008093833923,-0.19554655253887177,0.9997382760047913,0.47840800881385803,0.38501447439193726,-0.27213531732559204,0.9999629855155945,0.4651925265789032,0.3844447433948517,-0.2705496549606323,0.9999640583992004,0.5177815556526184,0.4508659243583679,-0.1361129879951477,0.9999672770500183,0.43422117829322815,0.4548291862010956,-0.13662177324295044,0.9999374747276306,0.5268462896347046,0.5606112480163574,-0.1213819831609726,0.9870665073394775,0.4263835549354553,0.5635852217674255,-0.13090474903583527,0.9827589392662048,0.5094311237335205,0.6512502431869507,-0.2034197449684143,0.97264164686203,0.4449108839035034,0.6560320258140564,-0.2094217985868454,0.9620654582977295,0.5091400742530823,0.6832452416419983,-0.23241594433784485,0.9451420307159424,0.44396767020225525,0.6868864893913269,-0.2381783127784729,0.9292451739311218,0.499930202960968,0.677466094493866,-0.25180038809776306,0.9476149082183838,0.4530954957008362,0.6825434565544128,-0.25413697957992554,0.9317755699157715,0.4972638785839081,0.6675019264221191,-0.21222615242004395,0.9325096011161804,0.4552437663078308,0.6719642281532288,-0.21631906926631927,0.9163395166397095,0.5001528263092041,0.6276808977127075,0.0027651304844766855,0.9997280240058899,0.4538736343383789,0.6276332139968872,-0.0027657567989081144,0.9997212290763855,0.49738043546676636,0.7336512207984924,-0.24478168785572052,0.9882298707962036,0.45422548055648804,0.7289575934410095,-0.20388253033161163,0.9868265986442566,0.5033446550369263,0.8742040395736694,-0.0902361050248146,0.9806984066963196,0.45455625653266907,0.8752143979072571,-0.06857619434595108,0.9805635809898376,0.4995514154434204,0.887894332408905,-0.08035440742969513,0.8741139769554138,0.4576205611228943,0.8869147300720215,-0.0609254464507103,0.8455532789230347,0.5048694610595703,0.9229878187179565,-0.1980476826429367,0.9737815260887146,0.4537912607192993,0.9283497929573059,-0.1821279674768448,0.9742847681045532
yena_sit_to_stand_normal_02,315,105,10.50132241813602,29.99622213826974,10,0.4713464677333832,0.3792061507701874,-0.30982208251953125,0.9999731779098511,0.47785213589668274,0.36604389548301697,-0.2952302098274231,0.9998966455459595,0.4814223051071167,0.36702388525009155,-0.2952122986316681,0.9998947381973267,0.48417145013809204,0.3679748773574829,-0.29521963000297546,0.9998843669891357,0.46716514229774475,0.3645896315574646,-0.29429784417152405,0.9998855590820312,0.4636995494365692,0.36461177468299866,-0.29440316557884216,0.9998846054077148,0.4610266089439392,0.3648194968700409,-0.29444652795791626,0.9998834729194641,0.4908306300640106,0.3774220645427704,-0.2044995129108429,0.999780535697937,0.4588569402694702,0.3743419349193573,-0.20102302730083466,0.9997615814208984,0.47867125272750854,0.39729177951812744,-0.2754558324813843,0.9999663233757019,0.465314656496048,0.39681774377822876,-0.2745484411716461,0.9999673366546631,0.518240749835968,0.4659311771392822,-0.13550493121147156,0.9999680519104004,0.4342232346534729,0.46614760160446167,-0.14233194291591644,0.9999424815177917,0.5268382430076599,0.573937177658081,-0.12014046311378479,0.9871423244476318,0.42563122510910034,0.574324369430542,-0.1365312933921814,0.9841480851173401,0.508175253868103,0.6632375121116638,-0.2037934958934784,0.9685745239257812,0.4458537995815277,0.6644579172134399,-0.21198850870132446,0.9636310338973999,0.5076845288276672,0.6934351325035095,-0.23283804953098297,0.9373334050178528,0.44556134939193726,0.6943585276603699,-0.2411457747220993,0.9306208491325378,0.4987925589084625,0.6877323389053345,-0.25225773453712463,0.9402456879615784,0.45471757650375366,0.6888648271560669,-0.2563745379447937,0.9331664443016052,0.4960624873638153,0.6784659624099731,-0.21284450590610504,0.9242020845413208,0.4564691185951233,0.6786882281303406,-0.218488872051239,0.9179165363311768,0.4993615448474884,0.6323476433753967,0.0027472523506730795,0.9997466802597046,0.452922523021698,0.629655122756958,-0.002740616910159588,0.9997382760047913,0.49422886967658997,0.7286539077758789,-0.26386427879333496,0.9879578351974487,0.4541997015476227,0.7194293737411499,-0.22549724578857422,0.9853633046150208,0.5011654496192932,0.8722622394561768,-0.12100290507078171,0.9795399904251099,0.4538173973560333,0.873611330986023,-0.10196634382009506,0.9781356453895569,0.49762043356895447,0.8849098682403564,-0.11200131475925446,0.8740143775939941,0.4561338424682617,0.8847376108169556,-0.09529116004705429,0.843478262424469,0.500839114189148,0.9212872385978699,-0.23419705033302307,0.9728401899337769,0.45355740189552307,0.927433967590332,-0.2224714756011963,0.9723224639892578
yena_sit_to_stand_normal_02,318,106,10.601335012594458,29.99622213826974,10,0.4718588888645172,0.3933209180831909,-0.29379716515541077,0.9999757409095764,0.47860243916511536,0.37924280762672424,-0.27962443232536316,0.9999064803123474,0.48226335644721985,0.379939466714859,-0.2796139717102051,0.9999047517776489,0.4848693907260895,0.3807032108306885,-0.27964887022972107,0.9998953342437744,0.4677533507347107,0.3779726028442383,-0.27892404794692993,0.9998962879180908,0.4643232226371765,0.37785232067108154,-0.27904245257377625,0.9998956322669983,0.46185892820358276,0.3779028058052063,-0.2790903151035309,0.9998946785926819,0.49158114194869995,0.38978052139282227,-0.19114136695861816,0.9998015761375427,0.45917588472366333,0.38752853870391846,-0.1884932518005371,0.999784529209137,0.47930434346199036,0.410861074924469,-0.2602337598800659,0.9999696612358093,0.46553516387939453,0.4105610251426697,-0.25959402322769165,0.999970555305481,0.5190383791923523,0.4794924557209015,-0.12345380336046219,0.9999703764915466,0.434594064950943,0.4771500825881958,-0.13587084412574768,0.9999470710754395,0.5282890200614929,0.5859799385070801,-0.11417525261640549,0.9878167510032654,0.425702303647995,0.5859192609786987,-0.13329415023326874,0.9854263067245483,0.507122278213501,0.6691058874130249,-0.19770267605781555,0.9683655500411987,0.44667232036590576,0.6724154949188232,-0.21014945209026337,0.9652298092842102,0.506658673286438,0.6997548937797546,-0.22699494659900665,0.9365101456642151,0.44711586833000183,0.7015517950057983,-0.23913101851940155,0.932536780834198,0.49729087948799133,0.6930133104324341,-0.24499718844890594,0.9395032525062561,0.4559522569179535,0.6969533562660217,-0.2560478746891022,0.9350074529647827,0.49435660243034363,0.6841418743133545,-0.2062680572271347,0.9233391284942627,0.45750078558921814,0.6870809197425842,-0.21735750138759613,0.9201074242591858,0.4993661642074585,0.6389092803001404,0.002066614106297493,0.9997674226760864,0.4528246819972992,0.6347766518592834,-0.001992240082472563,0.9997578859329224,0.4932197034358978,0.7173910737037659,-0.28977352380752563,0.9876760244369507,0.45304110646247864,0.7068436145782471,-0.2664506137371063,0.9834933876991272,0.49980032444000244,0.8631619215011597,-0.12969058752059937,0.9776453375816345,0.45342281460762024,0.8672435283660889,-0.1260862946510315,0.9751681089401245,0.496359646320343,0.8727110624313354,-0.1184711903333664,0.8717455863952637,0.4557221233844757,0.8811541795730591,-0.11683305352926254,0.8419342041015625,0.49801701307296753,0.9179367423057556,-0.23771406710147858,0.9711906909942627,0.4538213312625885,0.9270681738853455,-0.24375148117542267,0.9701623320579529
yena_sit_to_stand_normal_02,321,107,10.701347607052897,29.99622213826974,10,0.4729590117931366,0.40210801362991333,-0.2766702473163605,0.9999780058860779,0.4798639118671417,0.38897842168807983,-0.2624172270298004,0.9999153017997742,0.4832961857318878,0.38988181948661804,-0.2624061703681946,0.99991375207901,0.4859887361526489,0.3907293677330017,-0.26242950558662415,0.9999051690101624,0.46911630034446716,0.38760948181152344,-0.26171085238456726,0.9999059438705444,0.4657222330570221,0.38740667700767517,-0.2618175446987152,0.999905526638031,0.46309196949005127,0.38746020197868347,-0.26185986399650574,0.9999047517776489,0.4925835430622101,0.39978092908859253,-0.1758238673210144,0.9998204708099365,0.46040546894073486,0.3965669572353363,-0.17279621958732605,0.9998052716255188,0.480192095041275,0.41967079043388367,-0.2438841462135315,0.9999726414680481,0.4664674401283264,0.41926318407058716,-0.2431156188249588,0.9999734163284302,0.519944965839386,0.4870629906654358,-0.11227279156446457,0.9999725818634033,0.4352012574672699,0.4846227467060089,-0.12134698033332825,0.9999514222145081,0.5296030044555664,0.5905211567878723,-0.10652624815702438,0.9883971214294434,0.42586007714271545,0.5920566320419312,-0.11772873252630234,0.9865107536315918,0.5070939660072327,0.6711052656173706,-0.1950172632932663,0.967726469039917,0.4478536546230316,0.6785104870796204,-0.19521334767341614,0.9663638472557068,0.5065189599990845,0.701072633266449,-0.22517962753772736,0.935084879398346,0.4482281506061554,0.7069829106330872,-0.22488996386528015,0.9336599111557007,0.4971657991409302,0.6946281790733337,-0.2430855631828308,0.938197910785675,0.4570324122905731,0.7021151781082153,-0.23957976698875427,0.9361640810966492,0.49441930651664734,0.6851387023925781,-0.20366965234279633,0.9218739867210388,0.45855453610420227,0.6918348073959351,-0.2015778124332428,0.9215918183326721,0.49985864758491516,0.6460310220718384,0.0018069861689582467,0.9997852444648743,0.45302221179008484,0.6429457068443298,-0.001703123445622623,0.9997746348381042,0.4931354224681854,0.7246243953704834,-0.2802363634109497,0.9880826473236084,0.452399879693985,0.7101982831954956,-0.2542314827442169,0.983247697353363,0.4998372495174408,0.863782525062561,-0.12399675697088242,0.9774670004844666,0.45286932587623596,0.8675732612609863,-0.12075751274824142,0.9746267795562744,0.49676164984703064,0.8738546967506409,-0.1132836863398552,0.8723565340042114,0.45563140511512756,0.8811628222465515,-0.11232418566942215,0.8454180359840393,0.4983949363231659,0.9193421602249146,-0.23276573419570923,0.9710899591445923,0.45336800813674927,0.927948534488678,-0.23773954808712006,0.969991147518158
yena_sit_to_stand_normal_02,324,108,10.801360201511335,29.99622213826974,10,0.4750010371208191,0.4059576392173767,-0.2755783796310425,0.9999799728393555,0.481838583946228,0.3936946392059326,-0.26054197549819946,0.9999228715896606,0.4849705398082733,0.3946748375892639,-0.2605201303958893,0.999921441078186,0.4879052937030792,0.39602142572402954,-0.2605303227901459,0.9999135732650757,0.47114092111587524,0.39235883951187134,-0.260079950094223,0.9999142289161682,0.4675174951553345,0.39248818159103394,-0.26017892360687256,0.9999141693115234,0.46454057097435,0.3928944170475006,-0.26021715998649597,0.9999135732650757,0.49393606185913086,0.405931681394577,-0.17210549116134644,0.9998365044593811,0.46184125542640686,0.4022251069545746,-0.17015725374221802,0.9998233318328857,0.4817086160182953,0.4239411950111389,-0.2422274649143219,0.9999752640724182,0.4684028625488281,0.4232385754585266,-0.24175028502941132,0.9999759793281555,0.5201365351676941,0.4909481406211853,-0.11038292199373245,0.9999744892120361,0.4369770288467407,0.4900790750980377,-0.11913658678531647,0.999954879283905,0.5319362282752991,0.5926548838615417,-0.1034269854426384,0.9888515472412109,0.42584100365638733,0.5960288643836975,-0.11620260775089264,0.9874463677406311,0.5072508454322815,0.6731514930725098,-0.18910695612430573,0.9678317308425903,0.44877389073371887,0.6820878386497498,-0.1906002163887024,0.9675838351249695,0.5065712332725525,0.7036891579627991,-0.21854880452156067,0.934882402420044,0.4494248926639557,0.7106974720954895,-0.21912288665771484,0.9350504875183105,0.497233122587204,0.6960716247558594,-0.23408858478069305,0.9379962086677551,0.45809829235076904,0.7052305936813354,-0.23196442425251007,0.9374930262565613,0.4946206212043762,0.6864359974861145,-0.19654390215873718,0.9215009808540344,0.45944780111312866,0.6948556303977966,-0.19598957896232605,0.922991156578064,0.49985021352767944,0.6541123390197754,0.0015148230595514178,0.9998010396957397,0.45362260937690735,0.650649905204773,-0.001416849554516375,0.9997887015342712,0.4931609034538269,0.7258356213569641,-0.2764430046081543,0.988529622554779,0.45207345485687256,0.7145944237709045,-0.25173527002334595,0.9832454323768616,0.49961522221565247,0.8617092967033386,-0.10418720543384552,0.9778865575790405,0.452311247587204,0.8635185956954956,-0.10133040696382523,0.9747599363327026,0.4968474209308624,0.8712965846061707,-0.0909947082400322,0.8734201788902283,0.45441117882728577,0.8741684556007385,-0.08928132057189941,0.8480656147003174,0.49857762455940247,0.917496919631958,-0.20552046597003937,0.9716110229492188,0.45305225253105164,0.926988959312439,-0.2100098878145218,0.9705245494842529
yena_sit_to_stand_normal_02,327,109,10.901372795969772,29.99622213826974,10,0.47725194692611694,0.40981048345565796,-0.24973095953464508,0.9999815821647644,0.48421069979667664,0.3985375761985779,-0.23507408797740936,0.9999290704727173,0.4870864450931549,0.3994698226451874,-0.23506446182727814,0.999927818775177,0.49020808935165405,0.4007170498371124,-0.23506836593151093,0.9999204277992249,0.47338035702705383,0.39652007818222046,-0.23461897671222687,0.9999210238456726,0.4698166251182556,0.3962979316711426,-0.23470468819141388,0.9999213814735413,0.46689626574516296,0.39608234167099,-0.2347453236579895,0.9999210834503174,0.4958885610103607,0.4106850028038025,-0.15059974789619446,0.9998496770858765,0.46450603008270264,0.4052622616291046,-0.14885669946670532,0.9998385906219482,0.4832753837108612,0.42812758684158325,-0.21801479160785675,0.9999775886535645,0.4703945517539978,0.4269455373287201,-0.21758656203746796,0.999978244304657,0.520972490310669,0.49327003955841064,-0.09872639924287796,0.9999761581420898,0.4390852153301239,0.4919432997703552,-0.10428246855735779,0.9999578595161438,0.5339095592498779,0.5954802632331848,-0.10328562557697296,0.9891842007637024,0.42639195919036865,0.598348081111908,-0.10868755728006363,0.9881846904754639,0.5074379444122314,0.6727721095085144,-0.18988089263439178,0.967863917350769,0.4494240880012512,0.6833181381225586,-0.1838449388742447,0.968669056892395,0.5064228177070618,0.7037090063095093,-0.22076517343521118,0.9349287152290344,0.4498222768306732,0.7123515605926514,-0.2124330848455429,0.9365993738174438,0.49727901816368103,0.6960628032684326,-0.23607175052165985,0.937996506690979,0.45849141478538513,0.7076523303985596,-0.2238481193780899,0.9389771819114685,0.4946739375591278,0.6860234141349792,-0.1978302150964737,0.9215897917747498,0.45992913842201233,0.6973549127578735,-0.18869303166866302,0.9246098399162292,0.49984532594680786,0.6612603664398193,0.0013544367393478751,0.9998140931129456,0.45403796434402466,0.6574712991714478,-0.0012577559100463986,0.9997982382774353,0.4929155111312866,0.7249541878700256,-0.2745797038078308,0.9887397289276123,0.4517729878425598,0.7175472974777222,-0.24957463145256042,0.9827847480773926,0.49936944246292114,0.8621354103088379,-0.10448990762233734,0.9779139161109924,0.4526020586490631,0.8638959527015686,-0.10103940218687057,0.9745792746543884,0.4966476559638977,0.8716621398925781,-0.09181942790746689,0.8738349080085754,0.45533788204193115,0.8736116290092468,-0.08930471539497375,0.8507291078567505,0.4986180067062378,0.9171667695045471,-0.20447193086147308,0.9718154072761536,0.45327848196029663,0.9257729649543762,-0.2064191699028015,0.9708232283592224
yena_sit_to_stand_normal_02,330,110,11.001385390428212,29.99622213826974,10,0.4795047342777252,0.4082415997982025,-0.23748861253261566,0.9999830722808838,0.486613005399704,0.39683157205581665,-0.2219032496213913,0.9999348521232605,0.4894738793373108,0.39796310663223267,-0.22190269827842712,0.9999337196350098,0.49266114830970764,0.39932698011398315,-0.22190862894058228,0.9999268651008606,0.4757273495197296,0.39458030462265015,-0.22142095863819122,0.9999274015426636,0.4722793996334076,0.39422130584716797,-0.2214946448802948,0.9999279975891113,0.4694060683250427,0.3941567540168762,-0.22153598070144653,0.9999278783798218,0.4984531104564667,0.4098653495311737,-0.13780894875526428,0.9998618960380554,0.46698811650276184,0.40384888648986816,-0.1357957422733307,0.9998525977134705,0.48513704538345337,0.42730480432510376,-0.20636752247810364,0.9999796748161316,0.47232428193092346,0.4261308014392853,-0.20587696135044098,0.9999802708625793,0.5226892232894897,0.4949616491794586,-0.09381513297557831,0.9999776482582092,0.4415721893310547,0.49141088128089905,-0.09657559543848038,0.99996018409729,0.5337042212486267,0.5962271094322205,-0.10376127809286118,0.9894067645072937,0.4278055429458618,0.5970606207847595,-0.11057482659816742,0.9886634349822998,0.507797360420227,0.6723892092704773,-0.19651319086551666,0.9686136245727539,0.44961097836494446,0.6831235289573669,-0.19521214067935944,0.9697532653808594,0.5066384077072144,0.7038649320602417,-0.22799727320671082,0.936671257019043,0.4497760832309723,0.7121076583862305,-0.2254023253917694,0.9383987784385681,0.49757033586502075,0.6958500146865845,-0.24132975935935974,0.9395822882652283,0.4584350287914276,0.7079039812088013,-0.23519417643547058,0.9406297206878662,0.4950462579727173,0.6858700513839722,-0.20328864455223083,0.923438310623169,0.4598934054374695,0.6980868577957153,-0.19988887012004852,0.9263808727264404,0.49985358119010925,0.6665419936180115,0.0004341645399108529,0.9998265504837036,0.45478355884552,0.66263347864151,-0.0003872923261951655,0.9998095631599426,0.4929400086402893,0.7345684170722961,-0.2626289129257202,0.9890294671058655,0.45146483182907104,0.7272747755050659,-0.23717717826366425,0.9826967716217041,0.5006323456764221,0.8663179874420166,-0.0789407342672348,0.9784116148948669,0.45445388555526733,0.866809070110321,-0.07300212234258652,0.9754356741905212,0.49801889061927795,0.8769667744636536,-0.06533940136432648,0.8756763935089111,0.45901399850845337,0.8772793412208557,-0.06070627272129059,0.8567017316818237,0.5007105469703674,0.918204128742218,-0.1707189381122589,0.972407877445221,0.45243826508522034,0.9255412817001343,-0.169986754655838,0.9719666242599487
yena_sit_to_stand_normal_02,333,111,11.101397984886649,29.99622213826974,10,0.48132163286209106,0.40787801146507263,-0.22681337594985962,0.9999845027923584,0.4882708489894867,0.3962816298007965,-0.2111864686012268,0.9999403357505798,0.4914085566997528,0.39759865403175354,-0.2111864537000656,0.9999393224716187,0.4941803216934204,0.3989318013191223,-0.2111872285604477,0.9999330043792725,0.4779815077781677,0.39395925402641296,-0.21041418612003326,0.9999334216117859,0.4747048318386078,0.39373546838760376,-0.21048662066459656,0.999934196472168,0.4719354510307312,0.39382222294807434,-0.21052761375904083,0.999934196472168,0.5000736117362976,0.4096439480781555,-0.1277141124010086,0.9998737573623657,0.469764769077301,0.4024242162704468,-0.12417112290859222,0.9998655915260315,0.48719871044158936,0.4270329475402832,-0.1960405558347702,0.9999815821647644,0.474722295999527,0.42501261830329895,-0.19512297213077545,0.9999821186065674,0.5242630839347839,0.4938032329082489,-0.08617950230836868,0.9999791383743286,0.44362208247184753,0.49056148529052734,-0.08273686468601227,0.9999623894691467,0.5336065292358398,0.595425546169281,-0.09551683068275452,0.9896450638771057,0.4291312098503113,0.5931999683380127,-0.09768997877836227,0.9888657927513123,0.5089629888534546,0.6722230315208435,-0.19177882373332977,0.9694712162017822,0.44903725385665894,0.6793152093887329,-0.19511397182941437,0.9706067442893982,0.5082896947860718,0.7034333944320679,-0.22258514165878296,0.9386570453643799,0.44799864292144775,0.7092203497886658,-0.22523806989192963,0.9400772452354431,0.49965202808380127,0.6956729292869568,-0.23684896528720856,0.9414043426513672,0.45733076333999634,0.7070557475090027,-0.23557338118553162,0.9421983957290649,0.4967932105064392,0.6859239339828491,-0.19869305193424225,0.9255562424659729,0.45926913619041443,0.6965147256851196,-0.19989840686321259,0.9280989766120911,0.5011458396911621,0.6662971377372742,-0.000849346281029284,0.9998366236686707,0.4562890827655792,0.662706196308136,0.0008625522023066878,0.9998190999031067,0.4943475127220154,0.7358070015907288,-0.2562308609485626,0.989453136920929,0.45047181844711304,0.7321252226829529,-0.2345498651266098,0.9830881953239441,0.5015665888786316,0.8671740293502808,-0.06969387084245682,0.9790966510772705,0.4546492397785187,0.8674986958503723,-0.06784601509571075,0.9765337109565735,0.498661607503891,0.8806812167167664,-0.056083258241415024,0.8770470023155212,0.46023881435394287,0.8792701363563538,-0.05556989833712578,0.8632761240005493,0.5007839798927307,0.9183087348937988,-0.16399671137332916,0.9731634855270386,0.4515693485736847,0.9263095855712891,-0.16629275679588318,0.9732813239097595
yena_sit_to_stand_normal_02,336,112,11.201410579345088,29.99622213826974,10,0.48225197196006775,0.40426576137542725,-0.2126898169517517,0.999985933303833,0.48918744921684265,0.3933095633983612,-0.19711430370807648,0.999945878982544,0.4926198720932007,0.3943067491054535,-0.19710317254066467,0.9999449849128723,0.49526354670524597,0.3953085243701935,-0.1970994919538498,0.9999392628669739,0.4791179895401001,0.3915473520755768,-0.19576184451580048,0.9999395608901978,0.4760441482067108,0.3914560079574585,-0.19582954049110413,0.9999403357505798,0.4735628068447113,0.3915424942970276,-0.1958690732717514,0.9999403953552246,0.5015003681182861,0.4060162603855133,-0.11384353786706924,0.999885618686676,0.47188493609428406,0.3996366858482361,-0.1076386421918869,0.9998782277107239,0.48846524953842163,0.42380067706108093,-0.1821390986442566,0.9999833703041077,0.47608092427253723,0.4213718771934509,-0.18048524856567383,0.9999838471412659,0.526189923286438,0.4932660162448883,-0.07623625546693802,0.999980628490448,0.4458446800708771,0.488822877407074,-0.06689552962779999,0.9999648332595825,0.5336220264434814,0.595050036907196,-0.09605122357606888,0.989789605140686,0.4309927225112915,0.5870495438575745,-0.09056863933801651,0.9887833595275879,0.5108116269111633,0.671476423740387,-0.20335401594638824,0.9706372618675232,0.44839927554130554,0.6722991466522217,-0.19966311752796173,0.9716386198997498,0.510778546333313,0.7026388645172119,-0.23536838591098785,0.9414271712303162,0.44572487473487854,0.7007164359092712,-0.23147685825824738,0.9424089789390564,0.502040684223175,0.6953830122947693,-0.24972984194755554,0.9440001845359802,0.4551853835582733,0.6988749504089355,-0.24325068295001984,0.9443894624710083,0.49912723898887634,0.6858813762664795,-0.21052022278308868,0.9286311864852905,0.45805057883262634,0.6891348361968994,-0.20580121874809265,0.9306239485740662,0.5030067563056946,0.6672778725624084,-0.002268417039886117,0.9998490214347839,0.4582318663597107,0.6645492911338806,0.0022565829567611217,0.9998324513435364,0.49821940064430237,0.7354505062103271,-0.2685086131095886,0.989998459815979,0.44915103912353516,0.7312344312667847,-0.24832184612751007,0.9838952422142029,0.503556489944458,0.8647987842559814,-0.07325548678636551,0.9800127148628235,0.4554344713687897,0.8651435375213623,-0.07108037918806076,0.977912962436676,0.4994206428527832,0.8773559331893921,-0.05875704810023308,0.8794366717338562,0.46195903420448303,0.877615213394165,-0.05769621208310127,0.8709549903869629,0.5002741813659668,0.9178849458694458,-0.1672039031982422,0.9742821455001831,0.4511868357658386,0.9257936477661133,-0.1665349304676056,0.9748770594596863
yena_sit_to_stand_normal_02,339,113,11.301423173803526,29.99622213826974,10,0.48438599705696106,0.4007836878299713,-0.2071710079908371,0.9999871850013733,0.49129918217658997,0.38987621665000916,-0.19145271182060242,0.9999508261680603,0.4947960078716278,0.39085742831230164,-0.19144600629806519,0.9999500513076782,0.49724265933036804,0.3917163610458374,-0.19143816828727722,0.999944806098938,0.48097142577171326,0.38820862770080566,-0.19088298082351685,0.9999449849128723,0.47793370485305786,0.3883393704891205,-0.19094140827655792,0.9999457597732544,0.47550341486930847,0.38840562105178833,-0.1909646838903427,0.999945878982544,0.503180205821991,0.4019513428211212,-0.10758571326732635,0.9998961091041565,0.47352495789527893,0.3959583342075348,-0.10555192828178406,0.9998893141746521,0.49055159091949463,0.42085838317871094,-0.17649655044078827,0.9999849796295166,0.47821491956710815,0.4186335802078247,-0.17599348723888397,0.99998539686203,0.5264030694961548,0.4913593530654907,-0.06898871064186096,0.9999821186065674,0.447479784488678,0.4860815107822418,-0.06612805277109146,0.9999669194221497,0.5338562726974487,0.5942150354385376,-0.08918455988168716,0.9901607632637024,0.4330683946609497,0.5829778909683228,-0.09251241385936737,0.9888321161270142,0.5125344395637512,0.6706582903862,-0.20011048018932343,0.972375214099884,0.4485655128955841,0.6667368412017822,-0.2089882493019104,0.9726290702819824,0.5125971436500549,0.7015814185142517,-0.234614759683609,0.9449277520179749,0.4458060562610626,0.6950184106826782,-0.24273760616779327,0.9446970820426941,0.5037715435028076,0.6946849822998047,-0.24946679174900055,0.947334349155426,0.4551820456981659,0.6921418905258179,-0.2550114691257477,0.9465959668159485,0.5009715557098389,0.6855013370513916,-0.20775645971298218,0.9326801300048828,0.45805612206459045,0.6831177473068237,-0.21565647423267365,0.9332109093666077,0.50331711769104,0.6668532490730286,-0.0006710056331939995,0.9998594522476196,0.45823466777801514,0.6643704175949097,0.0006799642578698695,0.9998428225517273,0.49979814887046814,0.7305732369422913,-0.26076000928878784,0.9905136823654175,0.4494217336177826,0.7271257638931274,-0.2534778118133545,0.9845978617668152,0.5033861398696899,0.8627400994300842,-0.07455294579267502,0.9808173775672913,0.4547828435897827,0.8649379014968872,-0.0861283540725708,0.9788867831230164,0.4994567334651947,0.8770884871482849,-0.05972559005022049,0.8812037706375122,0.4601357579231262,0.8774277567863464,-0.07383854687213898,0.8752648830413818,0.5012879967689514,0.9181919693946838,-0.17108315229415894,0.9752792119979858,0.4512593150138855,0.9258275628089905,-0.18681052327156067,0.9759814739227295
yena_sit_to_stand_normal_02,342,114,11.401435768261964,29.99622213826974,10,0.48542556166648865,0.39829936623573303,-0.2100629061460495,0.999988317489624,0.49215757846832275,0.38703852891921997,-0.1937541514635086,0.9999553561210632,0.49565669894218445,0.3879876136779785,-0.19374820590019226,0.9999545812606812,0.49806511402130127,0.3888116180896759,-0.19373930990695953,0.9999498724937439,0.4818907678127289,0.38540858030319214,-0.1933198720216751,0.9999499320983887,0.47888657450675964,0.38548561930656433,-0.19338487088680267,0.9999507069587708,0.47654587030410767,0.38554754853248596,-0.1934148520231247,0.9999508857727051,0.5038155317306519,0.39910370111465454,-0.10830613225698471,0.9999056458473206,0.47455042600631714,0.39351993799209595,-0.10688165575265884,0.9998995065689087,0.49155130982398987,0.4183579683303833,-0.17890392243862152,0.9999864101409912,0.47928348183631897,0.41642189025878906,-0.1785876750946045,0.9999867677688599,0.5263393521308899,0.48989224433898926,-0.070281982421875,0.9999833703041077,0.44790026545524597,0.48551487922668457,-0.06691550463438034,0.9999687075614929,0.5337827801704407,0.592890739440918,-0.08783550560474396,0.9903022050857544,0.43355947732925415,0.5811265707015991,-0.09245608747005463,0.9887840747833252,0.5135847926139832,0.6700328588485718,-0.1960725039243698,0.9735428690910339,0.4495072662830353,0.6639905571937561,-0.20690633356571198,0.9733210206031799,0.5137471556663513,0.7006523609161377,-0.2287113219499588,0.9474403262138367,0.44693246483802795,0.6914932131767273,-0.2396865338087082,0.9462646245956421,0.5049843788146973,0.6943730711936951,-0.2435329109430313,0.9496819376945496,0.4561513364315033,0.68895024061203,-0.25171130895614624,0.9480385184288025,0.5020608305931091,0.6853893995285034,-0.20343488454818726,0.9354231357574463,0.45873117446899414,0.6806434392929077,-0.21322274208068848,0.9347473382949829,0.5048803687095642,0.6663674116134644,-0.0009138390887528658,0.9998686909675598,0.4593021273612976,0.6637880206108093,0.000908665475435555,0.99985271692276,0.500235915184021,0.7311434745788574,-0.25723811984062195,0.9908437728881836,0.45014259219169617,0.7269566059112549,-0.25182926654815674,0.9850872755050659,0.5043402910232544,0.8634048104286194,-0.0700463056564331,0.9813043475151062,0.4553460478782654,0.8660138845443726,-0.07789047062397003,0.979928731918335,0.5010131001472473,0.8780797719955444,-0.056274522095918655,0.8818063735961914,0.4611574411392212,0.8781824111938477,-0.06500016152858734,0.8806189298629761,0.5029452443122864,0.9182093739509583,-0.1656171977519989,0.9759956002235413,0.4507187008857727,0.9259846210479736,-0.17511166632175446,0.9772120118141174
yena_sit_to_stand_normal_02,345,115,11.501448362720403,29.99622213826974,10,0.4862666428089142,0.39677363634109497,-0.18679563701152802,0.9999893307685852,0.49296078085899353,0.3859334886074066,-0.17010243237018585,0.9999592900276184,0.4961462914943695,0.38677728176116943,-0.1701018065214157,0.9999585747718811,0.4987488389015198,0.3876388967037201,-0.17009204626083374,0.9999542832374573,0.48272255063056946,0.3842525780200958,-0.17013788223266602,0.9999541640281677,0.4797653555870056,0.38426297903060913,-0.17019516229629517,0.9999549984931946,0.4770856201648712,0.3843609690666199,-0.1702239066362381,0.9999552369117737,0.5044006109237671,0.39811810851097107,-0.08555759489536285,0.9999138712882996,0.4749194085597992,0.3921082317829132,-0.08653997629880905,0.9999082088470459,0.4922176003456116,0.416519433259964,-0.15626269578933716,0.9999876618385315,0.480133980512619,0.41473522782325745,-0.15662342309951782,0.9999879598617554,0.5263031125068665,0.4894450008869171,-0.05445289984345436,0.9999842643737793,0.4485777020454407,0.4847199618816376,-0.054084185510873795,0.9999697208404541,0.5337499380111694,0.5917680859565735,-0.08086147904396057,0.990286648273468,0.43390148878097534,0.5791970491409302,-0.08835601806640625,0.9886801242828369,0.5138863325119019,0.6675399541854858,-0.18894197046756744,0.9747776985168457,0.4501214027404785,0.6604210138320923,-0.20470425486564636,0.9739665389060974,0.5145326852798462,0.6977282762527466,-0.22125954926013947,0.9500872492790222,0.44753000140190125,0.6884298920631409,-0.23809370398521423,0.9478684067726135,0.5058133602142334,0.691672682762146,-0.23517562448978424,0.9521750807762146,0.45661813020706177,0.6853082776069641,-0.24947574734687805,0.9495538473129272,0.5028935074806213,0.682579517364502,-0.19614320993423462,0.938430666923523,0.4592559039592743,0.6769478917121887,-0.21110685169696808,0.9365370869636536,0.5049269199371338,0.6672272682189941,1.6361549569410272e-05,0.9998767971992493,0.45945873856544495,0.6650404930114746,2.7787625640485203e-06,0.9998615384101868,0.5022393465042114,0.7308453321456909,-0.26573216915130615,0.9912627935409546,0.45101699233055115,0.7262949347496033,-0.2668732702732086,0.985700249671936,0.5044912695884705,0.8599860072135925,-0.0785689428448677,0.9818031191825867,0.4553636312484741,0.865734875202179,-0.09661511331796646,0.9809290170669556,0.5014525055885315,0.8734511137008667,-0.06447993963956833,0.8839593529701233,0.4611298739910126,0.8779295682907104,-0.08376245200634003,0.88553786277771,0.5029140114784241,0.9168127775192261,-0.1702379733324051,0.9767894148826599,0.4509366452693939,0.925412118434906,-0.19541911780834198,0.978331983089447
yena_sit_to_stand_normal_02,348,116,11.60146095717884,29.99622213826974,10,0.4863079786300659,0.39608490467071533,-0.1855795979499817,0.9999902248382568,0.49298325181007385,0.3854546844959259,-0.16941891610622406,0.9999627470970154,0.49626174569129944,0.3863484561443329,-0.16941635310649872,0.9999620914459229,0.4988348186016083,0.38721993565559387,-0.16940876841545105,0.9999582171440125,0.4827316403388977,0.38379237055778503,-0.1695736050605774,0.9999579191207886,0.47979995608329773,0.3838629126548767,-0.16963054239749908,0.9999588131904602,0.4771515130996704,0.3839612603187561,-0.1696532666683197,0.9999590516090393,0.5044546723365784,0.39759039878845215,-0.08663759380578995,0.9999211430549622,0.4750658869743347,0.391707181930542,-0.08818195015192032,0.9999158382415771,0.4923830032348633,0.4158560037612915,-0.1556427925825119,0.9999887943267822,0.48027482628822327,0.4141457676887512,-0.1561785191297531,0.9999890327453613,0.5261905193328857,0.4891318380832672,-0.05287168547511101,0.9999852180480957,0.4486950933933258,0.48432600498199463,-0.05518151447176933,0.9999707341194153,0.5339088439941406,0.5900231003761292,-0.07428113371133804,0.9904187321662903,0.4340621531009674,0.5787410140037537,-0.0858190581202507,0.9887478351593018,0.5139859318733215,0.6660777926445007,-0.1779157668352127,0.9759756326675415,0.4502137303352356,0.6586154699325562,-0.19779475033283234,0.9746811389923096,0.5146900415420532,0.6960218548774719,-0.20923621952533722,0.9525095820426941,0.4477633833885193,0.6859126091003418,-0.230281263589859,0.9495545029640198,0.506196916103363,0.6897706389427185,-0.22295071184635162,0.9544638991355896,0.4566480219364166,0.68186354637146,-0.24095089733600616,0.9511776566505432,0.5031241774559021,0.6809284090995789,-0.18484674394130707,0.9412009716033936,0.4592529833316803,0.6732932329177856,-0.203650563955307,0.9384329319000244,0.5046876668930054,0.6664580702781677,0.0011778812622651458,0.9998838901519775,0.4592163860797882,0.6649589538574219,-0.001160215470008552,0.9998675584793091,0.5020431876182556,0.728976309299469,-0.26390913128852844,0.9916248917579651,0.4512592852115631,0.7252819538116455,-0.26309582591056824,0.9861301183700562,0.5042706727981567,0.860123336315155,-0.0864124521613121,0.9823068976402283,0.455229252576828,0.8657141327857971,-0.09837739914655685,0.9815798997879028,0.5008949637413025,0.8741320967674255,-0.07348411530256271,0.885326623916626,0.45990508794784546,0.877936065196991,-0.08643952757120132,0.8880025148391724,0.5028887391090393,0.9171352386474609,-0.18033631145954132,0.9775235056877136,0.45183101296424866,0.9253808856010437,-0.1977199912071228,0.9791111350059509
yena_sit_to_stand_normal_02,351,117,11.70147355163728,29.99622213826974,10,0.48625123500823975,0.3953303098678589,-0.19702813029289246,0.9999911189079285,0.49293190240859985,0.38505691289901733,-0.17997534573078156,0.9999661445617676,0.49621662497520447,0.38591793179512024,-0.17996914684772491,0.9999655485153198,0.49879005551338196,0.38679739832878113,-0.1799546182155609,0.9999620318412781,0.482693612575531,0.3834083080291748,-0.1804620325565338,0.9999616146087646,0.47977063059806824,0.38347887992858887,-0.18052634596824646,0.9999625086784363,0.4771098792552948,0.38355204463005066,-0.18054749071598053,0.9999627470970154,0.5044220685958862,0.3968067169189453,-0.09272709488868713,0.9999282956123352,0.47505447268486023,0.39119577407836914,-0.09623550623655319,0.9999234080314636,0.4923327565193176,0.41487547755241394,-0.16566289961338043,0.9999898672103882,0.4802144169807434,0.41314905881881714,-0.16665217280387878,0.9999900460243225,0.5261425971984863,0.48881882429122925,-0.056657131761312485,0.9999862909317017,0.4486660659313202,0.48431000113487244,-0.05811678618192673,0.9999721646308899,0.5334041118621826,0.5898261070251465,-0.08364246040582657,0.9906135201454163,0.4340861439704895,0.5786188244819641,-0.09289133548736572,0.9887558817863464,0.5140371918678284,0.6650481224060059,-0.1962178647518158,0.9771241545677185,0.4497013986110687,0.6575125455856323,-0.21457162499427795,0.9755696058273315,0.5147628784179688,0.694991409778595,-0.22825144231319427,0.9548923373222351,0.44749921560287476,0.6845001578330994,-0.24833859503269196,0.9515372514724731,0.5062839388847351,0.6885536909103394,-0.24241933226585388,0.9567100405693054,0.4564295709133148,0.6807007789611816,-0.25895676016807556,0.9530669450759888,0.5032159686088562,0.6800534129142761,-0.20337314903736115,0.9438949823379517,0.4588524103164673,0.6722750067710876,-0.22057002782821655,0.9405950903892517,0.5046693682670593,0.6654532551765442,0.0011621596058830619,0.9998918175697327,0.4590204656124115,0.6637397408485413,-0.0011418289504945278,0.9998757243156433,0.501652181148529,0.7292790412902832,-0.26267144083976746,0.9920158982276917,0.4513081908226013,0.7239028811454773,-0.2614508867263794,0.986636757850647,0.5047450661659241,0.8613897562026978,-0.07452581822872162,0.9829621315002441,0.45532840490341187,0.8657385110855103,-0.08901406824588776,0.9825112819671631,0.5017478466033936,0.8742004632949829,-0.06071115657687187,0.8864307403564453,0.4603222608566284,0.8779236078262329,-0.07582149654626846,0.8922656774520874,0.5033077597618103,0.9182281494140625,-0.17070117592811584,0.9783838391304016,0.4517741799354553,0.9258506894111633,-0.18954695761203766,0.9802262783050537
yena_sit_to_stand_normal_02,354,118,11.801486146095717,29.99622213826974,10,0.48612892627716064,0.3950049579143524,-0.19129003584384918,0.9999918937683105,0.4928353726863861,0.38490986824035645,-0.17441125214099884,0.9999691843986511,0.496123731136322,0.38575467467308044,-0.17440345883369446,0.9999685883522034,0.49868929386138916,0.38662591576576233,-0.1743924915790558,0.9999654293060303,0.48257309198379517,0.38329389691352844,-0.17461660504341125,0.9999648928642273,0.47966083884239197,0.38338395953178406,-0.17467929422855377,0.9999657869338989,0.47700008749961853,0.38345831632614136,-0.17470361292362213,0.9999660849571228,0.5042396187782288,0.3964075446128845,-0.08865997195243835,0.9999346733093262,0.4749640226364136,0.3910801410675049,-0.09041587263345718,0.9999300241470337,0.4922773540019989,0.4143761098384857,-0.16028985381126404,0.9999908208847046,0.4801003634929657,0.41257044672966003,-0.1609155535697937,0.9999909400939941,0.525556743144989,0.4883461892604828,-0.05463920906186104,0.9999871850013733,0.44852831959724426,0.48434776067733765,-0.053264353424310684,0.9999727606773376,0.5333017706871033,0.589279055595398,-0.07672329992055893,0.9905655384063721,0.4335322082042694,0.5772568583488464,-0.08594772219657898,0.9885871410369873,0.5139733552932739,0.6649333238601685,-0.1835198700428009,0.9780068397521973,0.4491887390613556,0.656371533870697,-0.20461709797382355,0.9762178659439087,0.5147679448127747,0.6949406862258911,-0.21480506658554077,0.9568564295768738,0.44714757800102234,0.6828562021255493,-0.2369571477174759,0.9531234502792358,0.5062623620033264,0.6884469985961914,-0.22848407924175262,0.9585663676261902,0.4561041295528412,0.6785648465156555,-0.24723495543003082,0.9545834064483643,0.5031996965408325,0.6800325512886047,-0.1903514415025711,0.9461085796356201,0.4584302008152008,0.6705601215362549,-0.21036985516548157,0.9423350095748901,0.5047204494476318,0.6660392880439758,0.0001497101184213534,0.9998995661735535,0.4591270387172699,0.6643252968788147,-0.00015150109538808465,0.9998836517333984,0.5015941262245178,0.7292373180389404,-0.2728915512561798,0.9923722147941589,0.4512951970100403,0.7229315042495728,-0.26260924339294434,0.9870344996452332,0.5049957036972046,0.8607059121131897,-0.07393859326839447,0.9835156798362732,0.45557087659835815,0.8633637428283691,-0.08253452926874161,0.9832773208618164,0.5019662976264954,0.8716557025909424,-0.05879511684179306,0.8869931101799011,0.4604076147079468,0.8748677968978882,-0.0680321529507637,0.8955713510513306,0.501403272151947,0.9179179072380066,-0.1654404252767563,0.9791883230209351,0.4517553746700287,0.9255452752113342,-0.1761789172887802,0.9811672568321228
yena_sit_to_stand_normal_02,357,119,11.901498740554155,29.99622213826974,10,0.4850274324417114,0.3942628502845764,-0.18987683951854706,0.9999925494194031,0.4916859567165375,0.3843725323677063,-0.17323581874370575,0.9999718070030212,0.4951864778995514,0.3852219581604004,-0.17323023080825806,0.9999712705612183,0.49772578477859497,0.3861319124698639,-0.17322058975696564,0.999968409538269,0.48150599002838135,0.383097767829895,-0.1732710748910904,0.9999676942825317,0.47855785489082336,0.3832836151123047,-0.1733262538909912,0.9999685883522034,0.4759294092655182,0.3834001123905182,-0.17334602773189545,0.999968945980072,0.5034821629524231,0.39591601490974426,-0.08804367482662201,0.9999402761459351,0.4738548994064331,0.3910844326019287,-0.08900289982557297,0.9999356269836426,0.4914325773715973,0.41353270411491394,-0.15909142792224884,0.9999916553497314,0.4791175127029419,0.41176801919937134,-0.15948429703712463,0.9999917149543762,0.5246358513832092,0.4877413809299469,-0.05417386069893837,0.9999879598617554,0.4484889805316925,0.4837040603160858,-0.05252978578209877,0.9999732375144958,0.5323202013969421,0.588833212852478,-0.07753600925207138,0.9905492067337036,0.4327499568462372,0.5771510601043701,-0.0864112600684166,0.9882919192314148,0.5139023661613464,0.6641439199447632,-0.18501955270767212,0.9788594841957092,0.4491674304008484,0.6553995609283447,-0.20722165703773499,0.9761714339256287,0.5148089528083801,0.6942049264907837,-0.21707063913345337,0.9586983323097229,0.44701534509658813,0.6823830604553223,-0.24017967283725739,0.9534990787506104,0.5063990354537964,0.6880161762237549,-0.2315932959318161,0.9603103995323181,0.4558018147945404,0.6778938174247742,-0.25081440806388855,0.9549088478088379,0.5033316016197205,0.6796017289161682,-0.1923840045928955,0.9481608867645264,0.45826226472854614,0.6697301268577576,-0.21328920125961304,0.9426122903823853,0.5036504864692688,0.6648749709129333,0.00022068539692554623,0.9999059438705444,0.45833098888397217,0.6638539433479309,-0.00022336997790262103,0.9998897910118103,0.5018784403800964,0.727961003780365,-0.27031582593917847,0.9926849603652954,0.4511662721633911,0.7229276299476624,-0.25785067677497864,0.9874967336654663,0.5049479007720947,0.8607631921768188,-0.08093046396970749,0.9840825200080872,0.4551761746406555,0.8623711466789246,-0.08490912616252899,0.9838722348213196,0.5019018054008484,0.8736306428909302,-0.0673028901219368,0.887406587600708,0.4601106643676758,0.8748281002044678,-0.07182302325963974,0.8974512219429016,0.5025208592414856,0.9179813861846924,-0.17723876237869263,0.97992342710495,0.45165735483169556,0.9252934455871582,-0.1814420074224472,0.9818602204322815
yena_sit_to_stand_normal_02,360,120,12.001511335012594,29.99622213826974,10,0.48409396409988403,0.3942576050758362,-0.19110970199108124,0.9999931454658508,0.49046629667282104,0.3843212127685547,-0.1739586889743805,0.9999741315841675,0.4940532147884369,0.38517242670059204,-0.17395704984664917,0.9999735951423645,0.49655431509017944,0.3860374987125397,-0.17394571006298065,0.9999709725379944,0.48038217425346375,0.3830489218235016,-0.17386460304260254,0.9999701976776123,0.4773540496826172,0.3832012116909027,-0.17392081022262573,0.9999710917472839,0.47508400678634644,0.3832811713218689,-0.1739477664232254,0.9999715089797974,0.5018314123153687,0.39550912380218506,-0.08879928290843964,0.9999451637268066,0.4728996455669403,0.3910680413246155,-0.08980859816074371,0.9999407529830933,0.4905295968055725,0.413489431142807,-0.15983067452907562,0.9999923706054688,0.47816696763038635,0.411697655916214,-0.15994375944137573,0.9999924302101135,0.5234742760658264,0.48678889870643616,-0.05464303493499756,0.9999886155128479,0.4473368227481842,0.4836954176425934,-0.053239669650793076,0.9999738931655884,0.5315572023391724,0.5878585577011108,-0.0827379897236824,0.9904835820198059,0.4326753616333008,0.5770343542098999,-0.08921774476766586,0.9880930185317993,0.5140193104743958,0.6607674956321716,-0.19940447807312012,0.9795181155204773,0.4482990503311157,0.6554137468338013,-0.21291276812553406,0.9766345024108887,0.5148590207099915,0.691908061504364,-0.23197051882743835,0.9602113962173462,0.44615742564201355,0.6824923157691956,-0.24663709104061127,0.9546469449996948,0.5066046118736267,0.6861501336097717,-0.2463948130607605,0.9617186784744263,0.4552176892757416,0.6780487895011902,-0.25720927119255066,0.955981433391571,0.5035402774810791,0.6774560809135437,-0.20685023069381714,0.9497694969177246,0.4575895667076111,0.6698501706123352,-0.21900968253612518,0.9437713623046875,0.5036794543266296,0.664354681968689,0.00029458696371875703,0.9999111294746399,0.4582822620868683,0.6638060212135315,-0.0003018809366039932,0.9998950958251953,0.5010656714439392,0.7287746667861938,-0.26457643508911133,0.9929687976837158,0.4510900676250458,0.7241273522377014,-0.2576769292354584,0.9878157377243042,0.5053194165229797,0.8615312576293945,-0.0702415257692337,0.9844570159912109,0.4556821882724762,0.8629885315895081,-0.08161406219005585,0.9845162630081177,0.5024433135986328,0.8734930157661438,-0.05607735738158226,0.8870335221290588,0.4613913297653198,0.8774204850196838,-0.06836957484483719,0.900254487991333,0.5028753280639648,0.9180654287338257,-0.16614849865436554,0.9803836941719055,0.45165109634399414,0.925106406211853,-0.1803179681301117,0.9826321601867676
yena_sit_to_stand_normal_02,363,121,12.101523929471032,29.99622213826974,10,0.4827246069908142,0.39422667026519775,-0.18603047728538513,0.9999936819076538,0.48931801319122314,0.38430625200271606,-0.1693337857723236,0.9999760985374451,0.49276629090309143,0.38515767455101013,-0.16932865977287292,0.9999756217002869,0.4952235817909241,0.3860205411911011,-0.1693131923675537,0.9999732375144958,0.47914108633995056,0.38303184509277344,-0.1695842146873474,0.9999723434448242,0.4762074649333954,0.3831827938556671,-0.16964058578014374,0.9999732375144958,0.47372522950172424,0.3832709789276123,-0.1696656197309494,0.999973714351654,0.5006716847419739,0.3954946994781494,-0.08589935302734375,0.9999493956565857,0.47146451473236084,0.39110052585601807,-0.08797140419483185,0.9999451041221619,0.4891827702522278,0.41339248418807983,-0.15589359402656555,0.9999930262565613,0.47674933075904846,0.41162610054016113,-0.15653583407402039,0.9999930262565613,0.5220457315444946,0.4863954782485962,-0.05429879203438759,0.9999890923500061,0.4461786448955536,0.48378318548202515,-0.052668023854494095,0.9999738931655884,0.5306255221366882,0.5871515274047852,-0.07841091603040695,0.9903572797775269,0.43231162428855896,0.5773863792419434,-0.08736353367567062,0.9876706004142761,0.5138677954673767,0.6611531376838684,-0.1823260635137558,0.9799890518188477,0.4478675425052643,0.6551579236984253,-0.2044173777103424,0.9764438271522522,0.5147958993911743,0.6923750042915344,-0.21296457946300507,0.9613251090049744,0.44589316844940186,0.6825003623962402,-0.23690654337406158,0.9547249674797058,0.5064135193824768,0.6867096424102783,-0.2271696925163269,0.9627518653869629,0.454816997051239,0.6780281662940979,-0.24777068197727203,0.9560406804084778,0.503385603427887,0.678141713142395,-0.1894727498292923,0.9509899616241455,0.4572289288043976,0.6696667075157166,-0.21065640449523926,0.9438613653182983,0.5035747289657593,0.6645300388336182,9.853362280409783e-05,0.9999156594276428,0.4579653739929199,0.6642035245895386,-0.0001017692920868285,0.9998997449874878,0.5013359189033508,0.7288209795951843,-0.2612069845199585,0.993208110332489,0.4503246545791626,0.7246948480606079,-0.2566353678703308,0.9881914258003235,0.505156934261322,0.8611404895782471,-0.08117974549531937,0.9848414063453674,0.4552076458930969,0.8631570935249329,-0.08887458592653275,0.9850473403930664,0.502359926700592,0.8735095858573914,-0.06864074617624283,0.8870389461517334,0.461090624332428,0.8772128820419312,-0.0766734778881073,0.9026367664337158,0.502770721912384,0.9178775548934937,-0.17735835909843445,0.9809256196022034,0.4511764943599701,0.92488694190979,-0.18454234302043915,0.9832716584205627
yena_sit_to_stand_normal_02,366,122,12.201536523929471,29.99622213826974,10,0.48149821162223816,0.39245104789733887,-0.18659189343452454,0.9999940991401672,0.48833656311035156,0.38314804434776306,-0.16972976922988892,0.9999778866767883,0.4917132258415222,0.38412705063819885,-0.16972419619560242,0.9999774694442749,0.4942673146724701,0.3851865530014038,-0.16970881819725037,0.9999752640724182,0.47797268629074097,0.38167673349380493,-0.16994349658489227,0.999974250793457,0.47504982352256775,0.3819255828857422,-0.1699989140033722,0.9999751448631287,0.4722212255001068,0.38225623965263367,-0.17002137005329132,0.9999756813049316,0.49979516863822937,0.3948630094528198,-0.08565008640289307,0.9999530911445618,0.4697555899620056,0.3906112015247345,-0.08755513280630112,0.9999488592147827,0.4880395531654358,0.4115080237388611,-0.15637239813804626,0.9999935626983643,0.4753919839859009,0.40934863686561584,-0.15697439014911652,0.9999935626983643,0.5212448835372925,0.48624634742736816,-0.053581222891807556,0.9999894499778748,0.4453822374343872,0.4838511645793915,-0.05238525569438934,0.999973714351654,0.5300512313842773,0.5871868133544922,-0.07576990872621536,0.9901083707809448,0.4315570294857025,0.5780390501022339,-0.08462684601545334,0.9873983860015869,0.5139921307563782,0.6611975431442261,-0.18303808569908142,0.9801262617111206,0.44781723618507385,0.6552150845527649,-0.20028848946094513,0.9762102961540222,0.5149122476577759,0.6924055218696594,-0.2142719328403473,0.9618940949440002,0.4457591474056244,0.6825259923934937,-0.23244675993919373,0.9546815156936646,0.5065255761146545,0.6867594122886658,-0.22855718433856964,0.9632782936096191,0.45448365807533264,0.6780938506126404,-0.24366146326065063,0.9559868574142456,0.5034978985786438,0.6784191727638245,-0.19031819701194763,0.9515442848205566,0.4568542540073395,0.6697189807891846,-0.20653201639652252,0.9437364935874939,0.5032945275306702,0.664560854434967,0.00018791671027429402,0.9999199509620667,0.4574597179889679,0.6642097234725952,-0.00019264490401837975,0.9999035596847534,0.5016705989837646,0.7290416955947876,-0.2622346580028534,0.9934243559837341,0.45024076104164124,0.7263088226318359,-0.252393901348114,0.988434374332428,0.504660427570343,0.8610581159591675,-0.08065970242023468,0.9852745532989502,0.45518872141838074,0.8632816076278687,-0.08410922437906265,0.9854000210762024,0.5012356042861938,0.8740322589874268,-0.06774568557739258,0.8876408934593201,0.4609541893005371,0.877196729183197,-0.07165989279747009,0.9034474492073059,0.5027771592140198,0.9176865816116333,-0.1765259951353073,0.9814836382865906,0.4519375264644623,0.9247488975524902,-0.18074370920658112,0.9837082624435425
yena_sit_to_stand_normal_02,369,123,12.301549118387909,29.99622213826974,10,0.48076918721199036,0.3907872140407562,-0.18546868860721588,0.9999945163726807,0.48766952753067017,0.3817567229270935,-0.1681833118200302,0.9999794960021973,0.4908795654773712,0.3828975260257721,-0.16817913949489594,0.9999790787696838,0.49349573254585266,0.38424932956695557,-0.1681635081768036,0.9999770522117615,0.4772900640964508,0.3801518976688385,-0.16859403252601624,0.9999759793281555,0.4743857979774475,0.3801994025707245,-0.16864939033985138,0.9999768733978271,0.47137486934661865,0.3806620240211487,-0.16867344081401825,0.9999774694442749,0.49897339940071106,0.39415204524993896,-0.08367606997489929,0.9999562501907349,0.468781054019928,0.389718621969223,-0.0865834429860115,0.9999522566795349,0.4871102571487427,0.4098379909992218,-0.15533198416233063,0.9999940991401672,0.4743598997592926,0.4073903262615204,-0.15621046721935272,0.9999940991401672,0.5200283527374268,0.4862021505832672,-0.052609868347644806,0.9999896287918091,0.44448214769363403,0.4839770197868347,-0.05248759314417839,0.999973475933075,0.5295059084892273,0.5872861742973328,-0.07482896000146866,0.9897763133049011,0.43102556467056274,0.5786866545677185,-0.08472756296396255,0.9871979355812073,0.5144742131233215,0.6612470746040344,-0.18281272053718567,0.9802370071411133,0.4473322033882141,0.6553435921669006,-0.19897916913032532,0.9762744307518005,0.5155103206634521,0.6925047039985657,-0.21408246457576752,0.9623578786849976,0.4453338384628296,0.6825699806213379,-0.23089464008808136,0.9550765752792358,0.5072866678237915,0.6867857575416565,-0.22804349660873413,0.9637089371681213,0.45383256673812866,0.6781307458877563,-0.2417190819978714,0.9563525915145874,0.504125714302063,0.6784836649894714,-0.19000311195850372,0.9520032405853271,0.4560745656490326,0.6697452068328857,-0.2049705982208252,0.9441187381744385,0.5032306909561157,0.6648878455162048,0.0003566338855307549,0.9999236464500427,0.457417756319046,0.6651983261108398,-0.00037146019167266786,0.9999070763587952,0.5015416741371155,0.7296355366706848,-0.2592472434043884,0.9934493899345398,0.45014432072639465,0.7272477149963379,-0.2519567906856537,0.9883267879486084,0.5046830773353577,0.8613668084144592,-0.06881538033485413,0.985298752784729,0.4549032747745514,0.8630878925323486,-0.07670705765485764,0.9855007529258728,0.5011378526687622,0.8746466040611267,-0.05453642085194588,0.8861868977546692,0.45999497175216675,0.8763493895530701,-0.0632546991109848,0.9026973843574524,0.5030747652053833,0.9175799489021301,-0.16027389466762543,0.9816322922706604,0.4519449472427368,0.9246192574501038,-0.1716577559709549,0.9839223623275757
yena_sit_to_stand_normal_02,372,124,12.401561712846346,29.99622213826974,10,0.47970739006996155,0.3907526433467865,-0.19123896956443787,0.9999947547912598,0.4864765405654907,0.38140803575515747,-0.17466184496879578,0.9999805688858032,0.4894632399082184,0.38235363364219666,-0.17465966939926147,0.9999801516532898,0.49221447110176086,0.3836061358451843,-0.17465505003929138,0.999978244304657,0.47632643580436707,0.38015198707580566,-0.17442946135997772,0.9999771118164062,0.47347813844680786,0.3802456855773926,-0.17448696494102478,0.9999780654907227,0.47055864334106445,0.3807821273803711,-0.17451831698417664,0.99997878074646,0.49768275022506714,0.39287152886390686,-0.09101732820272446,0.9999582171440125,0.46809113025665283,0.3895750045776367,-0.0909721851348877,0.9999547004699707,0.4860621988773346,0.4093276858329773,-0.16111668944358826,0.9999945163726807,0.47393956780433655,0.40742695331573486,-0.1611899435520172,0.9999945163726807,0.5196506381034851,0.4856634736061096,-0.05760101601481438,0.9999895095825195,0.4440247714519501,0.4836656451225281,-0.054636456072330475,0.9999734163284302,0.5292695760726929,0.5875411033630371,-0.07432810217142105,0.9893702268600464,0.42999693751335144,0.5785507559776306,-0.08194182068109512,0.986851155757904,0.5145823359489441,0.6615731120109558,-0.17422692477703094,0.9798811674118042,0.44694051146507263,0.6552512049674988,-0.190068319439888,0.9756086468696594,0.515625536441803,0.6926949620246887,-0.20448492467403412,0.9620053768157959,0.44515711069107056,0.6825900673866272,-0.22120685875415802,0.9540805816650391,0.5074118971824646,0.6869465112686157,-0.21901492774486542,0.9633349776268005,0.4536099135875702,0.6778116822242737,-0.2322891801595688,0.9553412795066833,0.504357635974884,0.67872154712677,-0.1814294159412384,0.9513819217681885,0.4558394253253937,0.669420063495636,-0.1960718333721161,0.9428161382675171,0.5030785799026489,0.6643155813217163,0.00037918693851679564,0.9999258518218994,0.45736950635910034,0.6651161313056946,-0.0003960659960284829,0.9999098181724548,0.5025908946990967,0.7308048605918884,-0.25471460819244385,0.9935169219970703,0.45039141178131104,0.7282698750495911,-0.2511381208896637,0.9885106682777405,0.5043757557868958,0.861382782459259,-0.0641925111413002,0.9854254722595215,0.45494240522384644,0.8638016581535339,-0.0750863254070282,0.9858790636062622,0.5008937120437622,0.8749909996986389,-0.04991065710783005,0.8855105042457581,0.46010348200798035,0.8769287467002869,-0.061581335961818695,0.903709352016449,0.5034438371658325,0.9175200462341309,-0.1559785157442093,0.9818271398544312,0.45168718695640564,0.9245650768280029,-0.17015816271305084,0.9843389391899109
yena_sit_to_stand_normal_02,375,125,12.501574307304786,29.99622213826974,10,0.47968149185180664,0.390798956155777,-0.18456178903579712,0.9999951124191284,0.486272394657135,0.38140392303466797,-0.167789489030838,0.9999819993972778,0.48914581537246704,0.3823152184486389,-0.1677864044904709,0.9999815821647644,0.4919944107532501,0.3835199773311615,-0.1677822470664978,0.9999798536300659,0.4761883020401001,0.38022270798683167,-0.16826428472995758,0.9999786615371704,0.473265677690506,0.3804037570953369,-0.16832520067691803,0.9999796152114868,0.4704493284225464,0.38101252913475037,-0.1683524250984192,0.9999803900718689,0.49725791811943054,0.3926115930080414,-0.08428112417459488,0.9999610185623169,0.46768277883529663,0.38962066173553467,-0.08766623586416245,0.999957799911499,0.4859655499458313,0.40925106406211853,-0.154551163315773,0.9999949336051941,0.4739464521408081,0.4076584279537201,-0.1556393951177597,0.9999949932098389,0.5192033648490906,0.4853074252605438,-0.052904535084962845,0.9999897480010986,0.4436127841472626,0.4836660325527191,-0.05260755866765976,0.999972939491272,0.5291134715080261,0.587708055973053,-0.06795795261859894,0.989059329032898,0.42862626910209656,0.5786498188972473,-0.0796886757016182,0.9866209030151367,0.5153847932815552,0.6619938611984253,-0.1641763597726822,0.9798846244812012,0.44578465819358826,0.6541568040847778,-0.1866956204175949,0.9751176834106445,0.516443133354187,0.693069338798523,-0.1936040073633194,0.9622319340705872,0.44411006569862366,0.6816479563713074,-0.21733032166957855,0.953456699848175,0.508338987827301,0.6874617338180542,-0.20772865414619446,0.9635661840438843,0.4524146616458893,0.6766575574874878,-0.22768844664096832,0.9547670483589172,0.5053550004959106,0.6791070699691772,-0.17114534974098206,0.951676070690155,0.4548763632774353,0.6686363220214844,-0.19234055280685425,0.9422270655632019,0.5031145811080933,0.666189968585968,0.00040629180148243904,0.9999286532402039,0.4573605954647064,0.6666329503059387,-0.0004201498522888869,0.9999123811721802,0.5019423961639404,0.7309959530830383,-0.2590133845806122,0.9935653805732727,0.4508519172668457,0.726047158241272,-0.26025354862213135,0.9885193109512329,0.5043855309486389,0.8614429235458374,-0.06592119485139847,0.9853978157043457,0.45498064160346985,0.8642248511314392,-0.08289103209972382,0.9861205816268921,0.5010157227516174,0.8746247887611389,-0.05179283767938614,0.8840222954750061,0.4601011276245117,0.8771564364433289,-0.06874427944421768,0.90426105260849,0.5026370882987976,0.9175114035606384,-0.15761518478393555,0.9819814562797546,0.45280227065086365,0.9246488213539124,-0.17623265087604523,0.9846765995025635
yena_sit_to_stand_normal_02,378,126,12.601586901763223,29.99622213826974,10,0.4795670807361603,0.39107200503349304,-0.18471360206604004,0.9999953508377075,0.48608076572418213,0.3815898299217224,-0.16858093440532684,0.9999830722808838,0.48889291286468506,0.3824180066585541,-0.16857293248176575,0.9999827146530151,0.49184903502464294,0.3835577368736267,-0.16857929527759552,0.999981164932251,0.47609105706214905,0.380609929561615,-0.16877131164073944,0.9999796748161316,0.4730612337589264,0.380906343460083,-0.16883161664009094,0.9999806880950928,0.4703245162963867,0.3816578984260559,-0.1688501387834549,0.9999815225601196,0.49707645177841187,0.39257580041885376,-0.08673348277807236,0.9999634027481079,0.46736660599708557,0.38985687494277954,-0.08837220817804337,0.9999598264694214,0.48576581478118896,0.40945208072662354,-0.15497957170009613,0.9999952912330627,0.4738968014717102,0.408100962638855,-0.15572533011436462,0.9999952912330627,0.5190523266792297,0.4856624901294708,-0.05299196392297745,0.999989926815033,0.4435644745826721,0.48365700244903564,-0.05163028463721275,0.9999720454216003,0.5289215445518494,0.5885332822799683,-0.052180759608745575,0.9883803129196167,0.42806997895240784,0.5778785347938538,-0.061846740543842316,0.9857518076896667,0.5183735489845276,0.6662042737007141,-0.13050024211406708,0.9781774282455444,0.44090959429740906,0.6516483426094055,-0.15110233426094055,0.9720251560211182,0.5195122957229614,0.6973760724067688,-0.15501666069030762,0.9596261382102966,0.4408099353313446,0.6779006719589233,-0.17739655077457428,0.9488635659217834,0.514043390750885,0.6936705112457275,-0.17080362141132355,0.9611199498176575,0.4472501575946808,0.6727645397186279,-0.19037292897701263,0.9504945874214172,0.5122429728507996,0.6846478581428528,-0.13768821954727173,0.9488504528999329,0.4486951529979706,0.6648874282836914,-0.15772029757499695,0.9375787377357483,0.5020570755004883,0.6652897000312805,0.0001767224894138053,0.9999310970306396,0.4571971297264099,0.6657246351242065,-0.00020020175725221634,0.9999139904975891,0.4997981786727905,0.731215238571167,-0.2606697380542755,0.9936995506286621,0.45131438970565796,0.7260562181472778,-0.24818943440914154,0.9886954426765442,0.5043776631355286,0.8613541126251221,-0.07792353630065918,0.9858629703521729,0.4549063742160797,0.8640569448471069,-0.08295564353466034,0.9864103198051453,0.5014357566833496,0.8746569156646729,-0.06383887678384781,0.8847740888595581,0.4592757523059845,0.8767604827880859,-0.06963388621807098,0.90419602394104,0.5026412606239319,0.9174290299415588,-0.16748161613941193,0.9824874401092529,0.45259079337120056,0.9242429137229919,-0.17648814618587494,0.9849779605865479
yena_sit_to_stand_normal_02,381,127,12.701599496221663,29.99622213826974,10,0.4792705476284027,0.3905769884586334,-0.139468714594841,0.9999955892562866,0.4859910309314728,0.38099944591522217,-0.12434298545122147,0.999984085559845,0.48884955048561096,0.38182756304740906,-0.12435921281576157,0.9999839067459106,0.49176275730133057,0.38303878903388977,-0.12437824159860611,0.9999825954437256,0.4759637117385864,0.3801901638507843,-0.12259965389966965,0.9999802112579346,0.47301051020622253,0.3804325759410858,-0.12265603989362717,0.9999814033508301,0.47021371126174927,0.3811003565788269,-0.12268655747175217,0.9999820590019226,0.4970477521419525,0.3924071788787842,-0.04626798257231712,0.9999661445617676,0.46737730503082275,0.3895276188850403,-0.039499830454587936,0.9999587535858154,0.4854359030723572,0.40888893604278564,-0.1114199087023735,0.9999955892562866,0.4735482335090637,0.4073096215724945,-0.10974404960870743,0.9999953508377075,0.5190208554267883,0.48732858896255493,-0.01378876343369484,0.9999896287918091,0.4431515634059906,0.48477399349212646,0.005700061563402414,0.9999600648880005,0.5282200574874878,0.589556872844696,-0.010694134049117565,0.9876372814178467,0.42835521697998047,0.5764765739440918,0.0006495993584394455,0.9755391478538513,0.5292869210243225,0.673848032951355,-0.08106191456317902,0.9765971302986145,0.4294074773788452,0.6319498419761658,-0.09948009997606277,0.9609832763671875,0.5341321229934692,0.701331615447998,-0.09932640194892883,0.9579242467880249,0.42414382100105286,0.6529111266136169,-0.12010032683610916,0.9383399486541748,0.5306707620620728,0.6997612714767456,-0.11976731568574905,0.9597626328468323,0.4261116087436676,0.6509220004081726,-0.13916556537151337,0.9411523938179016,0.5269972681999207,0.6904687881469727,-0.0896708145737648,0.9475201964378357,0.42996567487716675,0.6439005732536316,-0.10928609222173691,0.9273821115493774,0.5028766989707947,0.6670393347740173,-0.0022511412389576435,0.9999346137046814,0.45563462376594543,0.6680447459220886,0.002331867814064026,0.9999146461486816,0.4989353120326996,0.7216372489929199,-0.3071978688240051,0.9942116141319275,0.4513588547706604,0.7194526195526123,-0.24810558557510376,0.9894592761993408,0.5050488114356995,0.8646137118339539,-0.20082832872867584,0.9869893789291382,0.45459166169166565,0.8696299195289612,-0.1335919350385666,0.9870883226394653,0.5020328760147095,0.8785703182220459,-0.19487819075584412,0.893455982208252,0.45927658677101135,0.8827577829360962,-0.12698492407798767,0.9081891179084778,0.5011096596717834,0.9197279810905457,-0.3130401372909546,0.9839144349098206,0.4528481364250183,0.9267492294311523,-0.24142292141914368,0.9856938719749451
yena_sit_to_stand_normal_02,384,128,12.8016120906801,29.99622213826974,10,0.4794566333293915,0.3903695344924927,-0.14963266253471375,0.9999959468841553,0.486073762178421,0.38086214661598206,-0.13308043777942657,0.9999855160713196,0.4888802170753479,0.3817054033279419,-0.13311702013015747,0.99998539686203,0.4918631613254547,0.38291144371032715,-0.13314595818519592,0.9999842047691345,0.4761897325515747,0.38009220361709595,-0.13290643692016602,0.9999817609786987,0.473100483417511,0.3803624212741852,-0.1329585462808609,0.9999828934669495,0.4703708589076996,0.38105857372283936,-0.13295592367649078,0.9999834299087524,0.49705439805984497,0.3920915424823761,-0.048519033938646317,0.9999693632125854,0.4673844873905182,0.389499694108963,-0.04938787594437599,0.9999613165855408,0.48546186089515686,0.40862786769866943,-0.11955710500478745,0.9999959468841553,0.47366228699684143,0.40706491470336914,-0.11990366876125336,0.9999956488609314,0.518973171710968,0.4871733486652374,-0.019025765359401703,0.9999901056289673,0.4431835412979126,0.48488712310791016,0.00040933789568953216,0.9999493956565857,0.5286456346511841,0.5879777073860168,-0.026027854532003403,0.9875969886779785,0.43156754970550537,0.580350399017334,-0.027736863121390343,0.968163788318634,0.5428300499916077,0.663109540939331,-0.13918623328208923,0.9775317907333374,0.41038063168525696,0.5947763323783875,-0.18098759651184082,0.9608029723167419,0.5522373914718628,0.6877958178520203,-0.16275008022785187,0.959709882736206,0.400515079498291,0.5975632667541504,-0.20859116315841675,0.9400256276130676,0.5487579703330994,0.6878900527954102,-0.1853618174791336,0.9616827368736267,0.39850765466690063,0.5903638601303101,-0.23108671605587006,0.9432517886161804,0.5450391173362732,0.6809226870536804,-0.15051552653312683,0.9504300951957703,0.4034508764743805,0.5886961221694946,-0.19468465447425842,0.9301417469978333,0.5038921236991882,0.6666982173919678,-0.0028147888369858265,0.9999378323554993,0.4554804563522339,0.6678272485733032,0.002913481555879116,0.9999133348464966,0.4987247884273529,0.7151706218719482,-0.3055783808231354,0.9946606159210205,0.45176488161087036,0.7164039611816406,-0.24783802032470703,0.9900439381599426,0.5045878291130066,0.864554226398468,-0.19435030221939087,0.9879156351089478,0.45459574460983276,0.869500458240509,-0.14847368001937866,0.987736701965332,0.501602828502655,0.8807302117347717,-0.18761393427848816,0.9009400606155396,0.4593086838722229,0.8832546472549438,-0.1431465893983841,0.911507785320282,0.5007522106170654,0.9198591113090515,-0.3003855049610138,0.9851469993591309,0.45302337408065796,0.9266061186790466,-0.25757065415382385,0.9864161610603333
yena_sit_to_stand_normal_02,387,129,12.901624685138538,29.99622213826974,10,0.4802049696445465,0.39012035727500916,-0.17642594873905182,0.9999961853027344,0.48649194836616516,0.38079172372817993,-0.16163332760334015,0.999986469745636,0.48926132917404175,0.38163861632347107,-0.16166312992572784,0.9999865889549255,0.49232974648475647,0.38281574845314026,-0.16167870163917542,0.99998539686203,0.4767012894153595,0.37995806336402893,-0.16038255393505096,0.9999821186065674,0.47340190410614014,0.3802482783794403,-0.16043417155742645,0.9999834895133972,0.47071221470832825,0.3810065686702728,-0.16041983664035797,0.9999836683273315,0.4972964823246002,0.3918779194355011,-0.08138582110404968,0.9999719858169556,0.4675195515155792,0.38945725560188293,-0.07709792256355286,0.9999604225158691,0.485771119594574,0.40850138664245605,-0.14760670065879822,0.9999961853027344,0.4741267263889313,0.40707167983055115,-0.14634275436401367,0.9999955296516418,0.5193575024604797,0.4863259792327881,-0.05077799782156944,0.9999906420707703,0.44388484954833984,0.4846612513065338,-0.014422127045691013,0.9999356865882874,0.529079258441925,0.5876924991607666,-0.07208568602800369,0.9881699681282043,0.43145230412483215,0.581869900226593,-0.04718730226159096,0.9687749147415161,0.5497286319732666,0.6502636671066284,-0.18224912881851196,0.9793837070465088,0.40143078565597534,0.5424866676330566,-0.1980612576007843,0.9642354846000671,0.5609620809555054,0.6717746257781982,-0.20491044223308563,0.9628829956054688,0.3894105553627014,0.5302026271820068,-0.2235681265592575,0.9452453851699829,0.5589552521705627,0.670259952545166,-0.22728490829467773,0.964780330657959,0.39032986760139465,0.5204446315765381,-0.2406103014945984,0.9482482671737671,0.5545148849487305,0.6639940142631531,-0.19334883987903595,0.9545513391494751,0.39505428075790405,0.5230751633644104,-0.20916886627674103,0.9361758232116699,0.5041880011558533,0.6663246154785156,-0.003493139985948801,0.9999396204948425,0.455484002828598,0.666333794593811,0.0035744362976402044,0.9999093413352966,0.49871987104415894,0.7164669632911682,-0.3029841184616089,0.9950340390205383,0.4533134400844574,0.7168703675270081,-0.2362326979637146,0.9905226826667786,0.5045295357704163,0.8642406463623047,-0.16715049743652344,0.9886922240257263,0.4548379182815552,0.8694065809249878,-0.11543028801679611,0.9884127378463745,0.5015928745269775,0.8803666234016418,-0.15818125009536743,0.9073019027709961,0.4594587981700897,0.8831967115402222,-0.10741720348596573,0.9147032499313354,0.5013290047645569,0.9209927916526794,-0.27042171359062195,0.9862227439880371,0.4532822370529175,0.9265449047088623,-0.21646364033222198,0.9871415495872498
yena_sit_to_stand_normal_02,390,130,13.001637279596977,29.99622213826974,10,0.4809088110923767,0.3898962438106537,-0.15432006120681763,0.9999960660934448,0.4871983826160431,0.38068634271621704,-0.13999828696250916,0.9999865889549255,0.4898964464664459,0.38155022263526917,-0.13999922573566437,0.999987006187439,0.4928135573863983,0.3827160894870758,-0.13999558985233307,0.9999856948852539,0.4772205054759979,0.3794865906238556,-0.13960686326026917,0.9999810457229614,0.4740235209465027,0.3797176778316498,-0.13964791595935822,0.9999831914901733,0.47127944231033325,0.38036730885505676,-0.13964006304740906,0.999983012676239,0.4977887272834778,0.39180344343185425,-0.060199636965990067,0.9999733567237854,0.468149334192276,0.38901469111442566,-0.05968334153294563,0.9999561309814453,0.4864892363548279,0.4084918797016144,-0.12522639334201813,0.9999958276748657,0.4745108485221863,0.4070228934288025,-0.12509411573410034,0.999994158744812,0.5195713639259338,0.48454052209854126,-0.013164382427930832,0.999989926815033,0.4451843798160553,0.48329055309295654,-0.014786934480071068,0.999923825263977,0.5273178219795227,0.5822051167488098,0.015321862883865833,0.9858095645904541,0.4320271909236908,0.5818486213684082,-0.09689391404390335,0.9704986214637756,0.5450082421302795,0.6281622648239136,-0.02614901028573513,0.9801163077354431,0.4083891212940216,0.5136321187019348,-0.28308001160621643,0.9675177931785583,0.55440354347229,0.6471315622329712,-0.03291814774274826,0.9643113613128662,0.39866697788238525,0.4905436635017395,-0.3158646523952484,0.9501757621765137,0.5523456931114197,0.6451259255409241,-0.05226857587695122,0.9662436246871948,0.3999737501144409,0.4813072383403778,-0.32366031408309937,0.9529160857200623,0.5481880307197571,0.6384196877479553,-0.03419136255979538,0.9567899107933044,0.40418222546577454,0.4867827892303467,-0.29150599241256714,0.9418492913246155,0.5041965842247009,0.6682100892066956,-0.0006537650479003787,0.9999414682388306,0.45549502968788147,0.6664428114891052,0.0007677324465475976,0.9999063611030579,0.49866074323654175,0.7169725894927979,-0.27927958965301514,0.9953400492668152,0.45415031909942627,0.7153636813163757,-0.2387235164642334,0.9906338453292847,0.5046049952507019,0.8635610342025757,-0.15828043222427368,0.989245593547821,0.45488861203193665,0.8692781329154968,-0.12887750566005707,0.988448977470398,0.5016675591468811,0.8802217245101929,-0.15132254362106323,0.9118102192878723,0.4595227837562561,0.8832268714904785,-0.12092601507902145,0.9147984385490417,0.5013383626937866,0.9216226935386658,-0.2522343695163727,0.9870052933692932,0.4542900323867798,0.9265004396438599,-0.22665198147296906,0.9874245524406433
yena_sit_to_stand_normal_02,393,131,13.101649874055415,29.99622213826974,10,0.4812162220478058,0.39064809679985046,-0.11934929341077805,0.9999943971633911,0.48762544989585876,0.38101932406425476,-0.10318270325660706,0.9999838471412659,0.49069780111312866,0.38188061118125916,-0.10323134809732437,0.9999850392341614,0.49320757389068604,0.3828752636909485,-0.10323501378297806,0.999983549118042,0.4774528443813324,0.37964460253715515,-0.10196728259325027,0.9999749660491943,0.47430095076560974,0.37985095381736755,-0.10202561318874359,0.9999779462814331,0.47146832942962646,0.38039007782936096,-0.10205022245645523,0.9999773502349854,0.49833887815475464,0.3924787640571594,-0.021019766107201576,0.9999685883522034,0.4683760702610016,0.3892585337162018,-0.01598847098648548,0.9999265670776367,0.4869210124015808,0.40990984439849854,-0.08982633799314499,0.9999938607215881,0.47461265325546265,0.408207505941391,-0.08849748224020004,0.9999899864196777,0.5196165442466736,0.4856105148792267,0.001967479707673192,0.9999833106994629,0.4449557662010193,0.4814762771129608,0.023625314235687256,0.9998942017555237,0.5087883472442627,0.6052682995796204,-0.058440037071704865,0.9794104695320129,0.43799883127212524,0.5835373997688293,-0.08791600912809372,0.9655500650405884,0.5152234435081482,0.5886848568916321,-0.2010183483362198,0.9788907766342163,0.43682512640953064,0.5088154077529907,-0.260832279920578,0.9683371782302856,0.5201587677001953,0.5903521776199341,-0.22921578586101532,0.963865339756012,0.4346955418586731,0.48579496145248413,-0.29699209332466125,0.9519224166870117,0.5223717093467712,0.5804100036621094,-0.24284115433692932,0.9658291935920715,0.43412744998931885,0.47819337248802185,-0.2988811731338501,0.954428493976593,0.5196987986564636,0.5778837203979492,-0.20926974713802338,0.9556679725646973,0.4362047016620636,0.4841528534889221,-0.2667226195335388,0.9431101679801941,0.504189670085907,0.6650930047035217,-0.0007089564460329711,0.999919593334198,0.45528364181518555,0.6631965041160583,0.0008354019955731928,0.9998576641082764,0.4985627233982086,0.7171187996864319,-0.28207695484161377,0.9955307245254517,0.4548099935054779,0.7156186103820801,-0.2385745793581009,0.9907907247543335,0.504489541053772,0.8623165488243103,-0.17514069378376007,0.9894659519195557,0.4549306333065033,0.8695868849754333,-0.12683488428592682,0.98817378282547,0.5016408562660217,0.8801254034042358,-0.16932733356952667,0.9121766686439514,0.45952239632606506,0.8833003640174866,-0.119301438331604,0.9137822389602661,0.5014926195144653,0.9216286540031433,-0.28758102655410767,0.9872236251831055,0.45430758595466614,0.9262322187423706,-0.23330356180667877,0.987053394317627
yena_sit_to_stand_normal_02,396,132,13.201662468513854,29.99622213826974,10,0.4823262095451355,0.3913279175758362,-0.1689431220293045,0.9999913573265076,0.48858174681663513,0.381147563457489,-0.1549658626317978,0.9999760389328003,0.4914335310459137,0.38192862272262573,-0.15496787428855896,0.999976634979248,0.49427303671836853,0.38289013504981995,-0.15494874119758606,0.9999732971191406,0.4784221947193146,0.3799575865268707,-0.15339848399162292,0.9999679327011108,0.47526463866233826,0.3800691068172455,-0.15345756709575653,0.9999722242355347,0.4723818898200989,0.3805864751338959,-0.15349917113780975,0.9999732375144958,0.49902212619781494,0.3924213647842407,-0.07329259067773819,0.9999479055404663,0.4690984785556793,0.3892715573310852,-0.06571802496910095,0.9999181032180786,0.48797574639320374,0.41011783480644226,-0.13805291056632996,0.9999907612800598,0.47616851329803467,0.408750981092453,-0.13612127304077148,0.9999875426292419,0.5196214914321899,0.48228681087493896,-0.04428362473845482,0.999965488910675,0.446621298789978,0.479079008102417,-0.02286587841808796,0.9998959898948669,0.5129745006561279,0.5899142622947693,-0.11363290250301361,0.9750872850418091,0.43838268518447876,0.58213210105896,-0.09288192540407181,0.9666662812232971,0.48408234119415283,0.5529395937919617,-0.24124176800251007,0.9729400873184204,0.46633437275886536,0.5384119153022766,-0.2325625866651535,0.9684581756591797,0.47676241397857666,0.5464110970497131,-0.26858460903167725,0.9557508230209351,0.4732871353626251,0.5357916355133057,-0.262838751077652,0.9504583477973938,0.47749099135398865,0.5323483347892761,-0.2662290036678314,0.9573105573654175,0.4743759036064148,0.5161378383636475,-0.25410622358322144,0.9521373510360718,0.47868233919143677,0.5339681506156921,-0.24216914176940918,0.9425479769706726,0.4722478687763214,0.5180857181549072,-0.2302696853876114,0.9384435415267944,0.5047252774238586,0.6618516445159912,-0.0054730381816625595,0.9999039173126221,0.45556339621543884,0.660010814666748,0.0054752579890191555,0.9998429417610168,0.49850258231163025,0.728173017501831,-0.25258591771125793,0.9952272772789001,0.4531528353691101,0.7204721570014954,-0.21192044019699097,0.9907408356666565,0.5048806667327881,0.8653615117073059,-0.09858622401952744,0.9890031218528748,0.45472997426986694,0.8694989085197449,-0.05072609707713127,0.9877482652664185,0.5020633339881897,0.8818697333335876,-0.08763236552476883,0.9048233032226562,0.45947492122650146,0.8829066157341003,-0.03820024058222771,0.9115538001060486,0.5014293789863586,0.9216527938842773,-0.2028709352016449,0.9867247939109802,0.4545210003852844,0.9259606003761292,-0.14446261525154114,0.9865562319755554
